2062733
2974272
25098
1377419
19891
84925
2264852
133802
1067638
422970
53815
677797
543561
2013950
995266
27682
22218
623806
1985527
1822128
596498
1748379
363032
1294482
487461
141044
1496089
16172
20557
99708
1505530
1206076
1416147
161711
13593
15301
16287
52798
624123
943987
164317
21178
1105596
83932
413684
237877
56405
140637
266330
192666
242356
392700
1168473
1196254
155241
499078
515950
1109191
234941
208628
583348
502322
156705
33125
144601
952282
588288
481202
1036454
19627
242881
914823
380134
395739
327629
969865
799087
12389
255767
21211
970549
18026
855629
159914
698264
291696
18584
18300
856016
485747
12416
833750
289893
445075
933593
74115
28138
23475
442499
833720
174497
187422
868472
699545
19207
244203
56828
123513
952622
612192
7899
765847
81384
671151
692903
49987
327773
180263
717747
83343
132571
237716
174142
314773
762418
27893
12173
699119
24260
85503
48090
123252
210997
248653
259174
580394
39910
112518
51425
26888
62385
376012
710513
648766
580753
29074
138845
641922
197421
405040
38863
437323
347492
617519
470916
100150
530888
584297
589677
452632
43318
21974
25846
528545
61120
149769
543002
92546
194012
17701
535500
460266
481741
48014
63702
142792
37811
547981
459184
591390
19846
22886
199268
517416
14756
569201
355497
15150
244503
12868
519554
28601
508370
417031
188571
86393
335848
362019
480409
546281
434705
545995
384184
484588
310953
490501
15779
23485
504588
22618
96485
489178
502565
454023
37607
41436
13877
426103
439269
18526
415118
482340
441813
28673
20142
469310
50120
244073
447881
440511
351447
409764
84787
424534
10877
366340
123550
443887
11732
80019
65128
165748
398985
427262
200374
382060
384226
402526
14314
393014
308841
358855
337458
376013
84811
56942
26111
21261
46254
28839
218224
392628
300151
219718
42476
7092
350198
289745
86868
159504
16901
305187
340709
299381
56783
228855
38995
134277
274156
300484
145936
315728
16118
294334
137959
28525
22762
306667
19996
16943
23797
322662
301281
298690
23287
287754
204519
36887
99637
324949
21371
122059
13490
288232
11123
271953
268599
122097
249983
235208
213824
248304
242429
39386
93150
261534
251213
267954
13357
250193
233750
186524
206811
228005
136118
15726
195551
17626
179524
145374
102646
277057
67560
153780
88296
245453
269460
207801
79825
233304
201694
237103
29590
159386
203243
119498
50992
58666
224352
8989
127267
181175
160190
153270
78041
35198
203566
207537
12050
38577
161507
236024
199201
186747
219440
208801
201860
28379
13849
174526
117839
244165
159191
194334
174368
208097
14597
173456
227737
19145
145821
211955
164006
128373
20998
165743
259554
9098
163468
169236
128638
142360
23909
180475
52657
23059
174859
15450
38748
127341
138278
159486
174474
172571
92402
137766
35434
129157
151144
170907
144043
125828
175716
18132
104454
106380
103175
134540
133198
126247
114619
157549
99726
33776
146396
56163
31615
114291
104615
144060
139279
16571
133265
9422
169225
130983
77786
128775
102091
130164
13185
74175
18338
133036
72929
139390
92871
136257
10508
115773
106772
106464
108620
113742
86892
69183
20206
138027
119029
137154
115295
16761
18335
38973
79716
93524
48286
70926
104541
68659
84040
15621
65345
107972
91791
121934
77324
88757
94330
112529
67859
107952
70984
82333
60877
104089
54753
88483
109118
71038
49367
82950
72048
62379
63610
61446
40357
35059
99293
97944
73018
72370
61271
106681
79702
71008
61038
78435
73013
21550
40196
103607
106343
46705
69015
44235
62499
24153
76409
58455
70089
7212
72761
24983
15690
40283
50808
92984
66110
11281
35700
24551
79253
62956
80140
25102
40377
67289
49816
36048
12422
61766
15700
46930
13158
62034
61932
42355
68311
17255
37648
35608
58951
37958
57390
19010
58345
22404
19303
68840
32470
51208
26732
34684
52932
65638
17494
35269
38434
36772
18348
40709
19867
31159
47304
45505
25921
24238
36272
30221
46321
34069
53533
24692
33580
29399
38689
47693
44486
43069
29206
14720
31109
57175
31780
35412
27703
31633
36213
45934
61840
3608
28030
22758
56759
31675
33945
43217
19124
43691
24459
10628
41660
39919
26207
23886
17649
18166
25870
15737
2462
18777
26259
45023
26481
9362
27959
23511
36802
26614
30188
24551
18567
24989
11955
19392
27769
21830
22565
6364
10468
13154
2200
12627
25147
29390
28176
30937
33998
13775
25438
14717
32104
34815
23106
15277
29022
6886
21847
12704
24862
37549
27356
26884
42027
16382
22615
26403
28830
9463
12215
32054
7885
13952
23048
19536
12250
18084
8042
13170
13357
20300
5525
11101
20563
18635
8910
13258
21030
14647
11589
11648
10972
21297
19709
10266
17982
11533
7680
14273
11519
6156
9233
8078
21085
2482
10419
13139
12494
7144
16871
11085
7476
4185
10742
38263
8467
12863
9802
25881
11390
6044
27283
12768
11017
8171
14930
13178
15712
2497178
6136
1530737
683682
3029300
4468
579291
15886
1153007
11179
1811699
641096
24819
2183191
1326431
12279
17168
31817
42992
693526
1886010
12006
232735
23564
836444
1083218
399651
394992
642110
6304
20318
1178178
14059
12714
29755
2068142
6546
15999
191580
828691
8169
614316
24564
473354
19161
55152
383261
19982
40411
1181535
157951
14170
2863
14857
665890
11318
215899
287075
20301
1162104
24820
38096
12805
708384
49341
5136
15176
40514
6541
203715
14403
4567
445999
54114
31836
745408
252460
1104540
89297
67526
8558
35665
9864
34956
4448
16072
225774
18472
10059
20072
292415
11593
6966
342347
8018
102684
290620
21460
778846
536331
27432
32462
11530
68855
79605
11688
4671
3761
405097
7870
18153
436346
270297
4866
139260
12023
16322
4439
11374
144852
41595
140943
12558
12023
11414
50073
17663
9345
54648
52270
6073
357586
201702
14144
317536
10779
286355
28952
16107
4478
8764
280660
72394
31320
406116
14360
172578
254986
17479
107863
8453
14905
83214
18110
16198
181379
17889
223338
12264
11348
135004
162420
10761
7622
22587
199276
6781
40729
10303
33189
104767
6073
11329
16355
95412
17572
76695
21060
12878
10955
44399
11129
17774
40142
2758
21383
8999
19241
17011
7937
7216
15833
45305
11953
2249
2038
16165
3725
1609
9575
11240
17902
1431
1012
6916
6282
9856
2511
16572
3500
6716
10979
2357
4859
6265
2851
2080
4138
1634
1319
2423643
17017
13346
736987
10324
225259
12041
18520
806884
11924
223142
9177
17118
13069
15411
15773
9048
18520
62444
1106404
3958
1222271
1007
18364
15418
13221
914169
799982
2762
6558
717460
66039
10538
20461
511250
56231
10885
11009
11205
18980
454848
2535
51615
12272
376787
271998
13212
21161
6601
12138
169399
209839
18946
58511
8460
8030
82559
239865
12935
74402
16896
18786
15176
190560
7158
9956
30393
139377
6989
14465
123206
21336
6775
119272
7903
104830
2877
88883
91192
7114
165416
17316
88434
6845
8548
71299
93338
16898
4558
75636
10542
63557
8486
67645
11706
9045
65119
24522
64712
11738
75958
40234
22688
45769
18427
27373
2138
24512
5096
46987
19677
37298
7188
12448
21737
31723
9511
11844
29059
15331
24606
6372
5725
24255
27428
6679
16040
23749
27615
3486
11227
18178
4718
26109
10216
7028
11280
16338
19454
10730
5210
8134
10928
11013
22855
5522
8732
7120
11431
9213
8599
9861
16375
25256
14910
8427
13341
12974
3612
3741
11254
11662
14199
14550
356897
13414
12657
327698
1386279
5612
301919
13323
512158
7537
16649
663879
10404
163377
26202
11461
107733
7407
6511
1018
133296
116383
5380
4505
130373
56518
