740619
162975
477562
2442014
21962
522182
527929
2335908
20012
84832
25866
2168981
22442
423831
114167
1747814
392711
48553
1983815
1821744
15136
58063
1568351
1282354
18080
21243
1502610
140541
164299
283089
279418
1460541
159567
192610
52762
587777
623913
1205822
943844
542945
21179
262542
692956
265383
1194125
69644
1153577
19644
16971
1101829
382273
1168209
1105262
1145900
91867
248412
974695
24570
583260
1109177
1119421
16163
502203
852627
248504
912382
392706
266692
14617
956062
921327
768108
866548
969410
890636
391217
327722
884290
792392
402146
319418
485579
62402
625337
168510
186483
300777
126798
94543
196885
23459
160591
141036
15298
347346
15778
29896
789809
77985
952286
315112
793192
33843
54175
379982
498806
144894
74100
19840
180078
24238
719287
692419
672221
35613
762254
12170
174142
150659
679660
664567
14300
254721
51368
21343
11728
56756
69577
70972
437322
619267
241206
81365
698478
658946
12807
8737
123320
156648
704854
29072
473097
640462
92521
25814
589217
28121
35205
232709
319639
23890
22782
530413
127292
63700
218202
533443
422118
193876
80859
543714
102399
242387
122681
411828
38745
460144
404648
213728
361874
237737
531291
188551
553910
536756
546111
434195
389536
381585
135479
17771
401575
476793
27329
18684
506767
548458
490153
267495
465102
41220
22616
80714
491285
13573
19998
353611
37584
524974
382238
7917
25488
426157
41379
242758
354256
460886
62630
435531
132909
469011
473498
51879
482047
243934
75597
398064
440515
29478
441502
351540
448191
324985
123463
10868
96484
39176
26611
48094
167078
152312
17664
309189
280596
398361
405369
393043
353171
136767
381566
358812
139754
298928
312906
123574
46256
392616
295971
385785
322290
209101
299935
377524
67714
90752
155622
324974
180094
306216
128358
9367
144225
325356
300944
300973
105464
22973
300334
11901
296237
219632
315565
28509
166472
315540
327979
256388
291742
227807
316049
296402
259819
298773
16942
302890
43327
262403
29928
13472
275072
272526
121983
45275
168960
292818
11134
223618
15150
18135
29959
234492
23977
33871
219587
230752
263773
249877
165655
32842
236923
195584
243955
265588
51842
192873
195665
294157
14312
224496
250060
159134
61868
54345
140397
267894
145329
277321
101012
207034
17635
226298
195266
245400
24481
201623
162685
223716
111999
226335
185228
88908
261176
198491
58653
11410
202749
22968
11133
174146
29619
265426
160988
14364
101001
224670
97971
78268
183907
203528
161814
61525
75204
181292
76160
91109
38550
17412
113710
156975
50090
207652
139549
207419
14118
161280
57151
244188
201904
157011
159254
99624
159526
210160
193540
198203
12044
19100
207966
23800
129886
27825
193630
180137
122460
172533
211906
259460
28857
143964
133263
23059
36831
138261
183697
52618
11831
33785
165701
147922
166375
184492
153796
127268
15626
14873
106023
149478
102627
158290
136329
175747
10050
125153
11032
141180
125667
147445
142087
134886
168343
168660
127845
124803
187290
126450
103205
83921
128546
146388
130094
133285
106500
23857
115555
116628
83087
103495
108393
143985
137742
107878
135986
10503
108506
18346
38744
106524
72880
103652
130712
107520
112826
132348
114172
14208
110156
122642
108673
33829
137128
47482
115534
104802
151639
115313
93743
77331
91327
117052
114849
88312
86594
65385
69181
92829
30149
77597
89864
70809
98529
16982
69137
48729
105431
102558
17643
121474
83958
72004
88727
95810
98831
104633
63409
101507
62335
77378
66798
25007
27998
19255
54760
61444
61652
87343
87161
109100
54490
109537
63580
52166
95269
92070
72320
61301
78155
22293
77756
70878
35126
40398
20759
23939
40303
58826
71406
106894
46009
76397
48815
61058
82066
38507
70114
16634
61793
36086
6225
78614
72764
25034
46331
31072
93734
15705
92948
21283
58424
61170
51030
80089
32112
53401
63117
15240
24990
43841
65269
67180
64847
42463
11279
49780
5570
44299
11371
46448
47775
38048
34703
69049
62040
68826
62087
61803
46648
73905
34615
24775
57554
28327
58275
64705
65807
68770
26722
27044
25905
52936
65587
50523
40837
39759
52973
50720
20093
35417
10112
39969
7100
51626
45249
32441
48067
59820
37358
58857
36277
26136
40765
31733
34598
16216
17393
43674
53424
29408
33974
33053
22684
14665
36599
61789
31155
32619
19396
37612
31841
43180
31846
7616
31125
35495
35993
10622
38194
55437
31435
29472
32120
19379
14258
15895
20412
33020
32117
19905
43140
9362
37477
47187
22111
39128
22491
18540
25017
19545
11958
13532
28399
18739
21567
26232
20299
14658
18340
24809
20676
12343
27748
34957
28066
20202
22420
24360
25148
44364
27662
15933
33937
13778
43667
13895
34816
15287
10869
8245
27252
6189
22018
26900
12802
12220
31032
27346
26873
20283
17720
42047
39457
22101
29619
30913
30633
19569
8050
11090
13251
15990
10974
13365
15575
10528
11104
29969
12778
18642
9526
7533
18016
21258
13977
11320
11500
8728
11645
11521
8084
21048
2482
13337
9464
13025
8695
11979
13132
19891
22940
8557
10736
25310
8481
12862
6591
14364
9787
12068
1923
15003
12610
14497
25883
8580
11392
6041
9199
8170
13164
16238
12411
10480
2592021
1782143
1287202
4978
256619
156847
6635
1027
541508
24526
1407246
12593
1815236
87846
578612
4829
23878
11254
187342
24282
184303
2273485
20322
143643
6422
10270
17309
12535
81803
5967
262230
200455
4819
1907444
553197
37727
92058
19918
1447048
125052
18770
10402
11116
14072
46388
2067936
1757308
10144
826210
5864
614212
27380
261538
81785
15900
18012
1606103
73808
55531
20508
1187146
30742
8657
35002
4607
9113
669017
680580
146520
658604
543637
9361
3607
147524
373049
89261
199543
5060
958693
57070
19356
511564
18470
10054
221827
5049
15486
198908
3790
334996
10024
342526
1035
6128
35651
6621
224737
204759
6018
18707
442316
236105
16325
37933
190655
14342
11475
702049
3627
506528
31157
393731
7309
16437
248355
748869
50221
10344
6552
12029
11345
50055
17633
9319
54642
282917
314651
19184
12080
80943
28273
13662
32217
13795
4190
42334
28989
6756
200742
6393
179833
99658
29755
251408
19429
77016
12244
389620
23292
223972
118962
15324
165866
10724
7617
22583
46834
81301
103587
19210
163225
7967
8718
12642
8502
171222
22895
15112
9441
7932
7240
9857
25727
6807
4496
21049
11495
43381
9475
2888
4434
11320
16383
96812
10953
18912
32129
18847
7932
24552
20972
12627
14072
15823
45323
22618
9192
2322
9358
8280
5358
5978
1667
10496
3402
10878
21805
2902
3500
6670
10981
6376
2349
11153
6307
2851
2813
4343
4100
2094
2840
3658
3223
3187
19713
1813879
16163
2423110
17009
127848
1155
14813
5613
221685
9177
5560
24047
25056
17113
13072
14659
15418
15814
1106075
3958
798652
2762
12897
828025
74684
13951
6554
717274
177818
16145
18774
649368
612441
1733
622648
6098
38765
14618
721951
9591
21191
6600
671457
16332
476571
11929
26297
9679
235629
4904
502204
5971
12169
57069
453089
22692
341661
17579
143810
16301
344825
8664
12225
363932
41518
4010
308276
18987
296291
219337
15570
5383
241510
11461
110051
6344
93323
12135
169347
178894
3662
239849
12936
9221
141947
127326
12072
135615
9982
10871
170785
9874
13533
15217
6189
149658
113170
14125
18384
7903
104824
20469
88450
10167
8548
71262
93595
16898
10542
63283
8487
3234
65622
11699
66753
8026
48178
11728
75943
12449
21730
8818
39816
9995
23076
23716
3123
24604
6372
11844
29237
7961
27335
9045
23449
16014
23635
4406
2256
11278
16357
26217
4717
19499
15011
10704
10395
19454
10730
5210
8131
10930
10999
14910
8427
10977
7207
13341
12966
14221
14545
14110
357565
733210
10516
16637
588965
25851
16028
148700
357956
6609
69094
2546
17593
108613
7407
5765
7188
29045
11915
652991
3299
23346
1156
4180
56776
305159
1822
1018
133371
123697
3573
3763
133887
8865
