n	i	Nsites	phi
32	11	680	0.138528138528139
32	7	709	0.182857142857143
32	16	324	0.0625
32	13	738	0.129554655870445
32	6	699	0.205128205128205
32	9	690	0.154589371980676
32	12	699	0.133333333333333
32	14	734	0.126984126984127
32	15	672	0.125490196078431
32	8	725	0.166666666666667
32	4	887	0.285714285714286
32	10	682	0.145454545454545
32	5	798	0.237037037037037
90	38	1	0.0455465587044534
90	25	1	0.0553846153846154
90	28	1	0.0518433179723502
90	26	1	0.0540865384615385
90	23	1	0.0584036340038936
90	12	1	0.0961538461538461
118	17	1	0.0687245195107746
71	35	2	0.0563492063492063
71	32	2	0.0568910256410256
71	33	7	0.0566188197767145
71	11	3	0.107575757575758
71	21	2	0.0676190476190476
71	26	1	0.0606837606837607
71	17	1	0.0773420479302832
71	22	4	0.0658627087198516
71	18	5	0.0744234800838574
71	30	4	0.0577235772357724
71	16	4	0.0806818181818182
71	13	2	0.0941644562334218
71	29	3	0.0582922824302135
71	27	3	0.0597643097643098
71	28	5	0.0589700996677741
71	9	7	0.127240143369176
71	12	2	0.100282485875706
71	15	2	0.0845238095238095
71	20	3	0.0696078431372549
71	14	5	0.0889724310776942
71	8	7	0.140873015873016
71	34	5	0.0564387917329094
71	24	1	0.0629432624113475
71	19	3	0.0718623481781376
71	10	4	0.116393442622951
71	31	1	0.057258064516129
102	50	1	0.0392307692307692
102	14	1	0.0827922077922078
102	15	1	0.0781609195402299
102	49	1	0.039276087793608
102	30	1	0.0472222222222222
102	43	1	0.0402049664958612
102	44	1	0.0399686520376176
102	29	1	0.048181388757676
125	47	1	0.0340971085651937
125	48	1	0.0338203463203463
44	11	156	0.121212121212121
44	21	153	0.0910973084886128
44	7	151	0.16988416988417
44	17	145	0.0958605664488017
44	22	74	0.0454545454545455
44	18	136	0.094017094017094
44	16	136	0.0982142857142857
44	13	149	0.109181141439206
44	6	193	0.192982456140351
44	9	135	0.13968253968254
44	12	127	0.114583333333333
44	20	143	0.0916666666666667
44	14	178	0.104761904761905
44	15	134	0.101149425287356
44	8	150	0.152777777777778
44	19	158	0.0926315789473684
44	10	160	0.129411764705882
44	5	209	0.225641025641026
55	11	28	0.113636363636364
55	21	24	0.07703081232493
55	7	42	0.163690476190476
55	26	32	0.0729442970822281
55	17	31	0.0851393188854489
55	22	26	0.0757575757575758
55	18	33	0.0825825825825826
55	13	24	0.100732600732601
55	16	29	0.0881410256410256
55	23	33	0.0747282608695652
55	27	25	0.0727513227513227
55	6	34	0.187074829931973
55	25	41	0.0733333333333333
55	9	26	0.132850241545894
55	12	25	0.106589147286822
55	14	25	0.0958188153310104
55	15	25	0.0916666666666667
55	20	25	0.0785714285714286
55	8	29	0.146276595744681
55	24	37	0.0739247311827957
55	19	26	0.0804093567251462
55	10	20	0.122222222222222
84	35	2	0.0489795918367347
84	33	1	0.0499108734402852
84	22	1	0.06158357771261
84	30	1	0.0518518518518519
84	16	2	0.0772058823529412
84	27	3	0.0545808966861598
84	25	2	0.0569491525423729
84	28	1	0.0535714285714286
84	9	1	0.124444444444444
84	41	1	0.0476460578559274
84	12	1	0.0972222222222222
84	20	3	0.065625
84	15	1	0.0811594202898551
84	37	2	0.0483036227717079
84	19	1	0.0680161943319838
84	31	2	0.0511259890444309
27	6	977	0.214285714285714
27	11	974	0.153409090909091
27	3	1236	0.375
27	7	951	0.192857142857143
27	9	939	0.166666666666667
27	12	1000	0.15
27	8	907	0.177631578947368
27	4	1124	0.293478260869565
27	13	994	0.148351648351648
27	10	1031	0.158823529411765
27	5	1067	0.245454545454545
190	47	1	0.0282696027376878
57	11	20	0.112648221343874
57	21	25	0.0753968253968254
57	7	31	0.162857142857143
57	26	21	0.0707196029776675
57	17	20	0.0838235294117647
57	22	23	0.074025974025974
57	18	25	0.0811965811965812
57	13	19	0.0996503496503497
57	16	23	0.086890243902439
57	23	18	0.0728900255754476
57	27	22	0.0703703703703704
57	6	36	0.186274509803922
57	25	26	0.07125
57	28	25	0.0701970443349754
57	9	22	0.131944444444444
57	12	20	0.105555555555556
57	20	24	0.077027027027027
57	15	28	0.0904761904761905
57	14	21	0.0946843853820598
57	8	26	0.145408163265306
57	24	24	0.071969696969697
57	10	22	0.121276595744681
57	19	19	0.0789473684210526
95	18	1	0.0685425685425685
95	45	1	0.0422222222222222
95	10	1	0.111764705882353
95	17	1	0.0716440422322775
95	20	1	0.0633333333333333
95	47	2	0.0421099290780142
109	32	1	0.044237012987013
109	50	1	0.0369491525423729
151	75	1	0.0264912280701754
89	32	2	0.0487938596491228
89	11	2	0.103729603729604
89	21	1	0.0623249299719888
89	18	1	0.0696400625978091
89	30	1	0.0502824858757062
89	16	1	0.0761986301369863
89	23	1	0.0586297760210804
89	44	3	0.0449494949494949
89	27	2	0.0531660692951016
89	28	1	0.0521077283372365
89	41	2	0.0452235772357724
89	14	1	0.0847619047619048
89	20	1	0.0644927536231884
89	15	1	0.0801801801801802
89	43	1	0.044994944388271
31	11	794	0.140909090909091
31	7	775	0.18452380952381
31	13	722	0.132478632478632
31	6	740	0.206666666666667
31	9	701	0.156565656565657
31	12	776	0.135964912280702
31	15	778	0.129166666666667
31	14	755	0.130252100840336
31	8	750	0.168478260869565
31	4	927	0.287037037037037
31	10	750	0.147619047619048
31	5	825	0.238461538461538
35	11	515	0.132575757575758
35	7	548	0.178571428571429
35	17	536	0.11437908496732
35	13	478	0.122377622377622
35	16	520	0.115131578947368
35	6	551	0.201149425287356
35	9	501	0.14957264957265
35	12	486	0.126811594202899
35	15	511	0.116666666666667
35	14	477	0.119047619047619
35	8	481	0.162037037037037
35	4	692	0.282258064516129
35	10	522	0.14
35	5	659	0.233333333333333
78	35	1	0.0518272425249169
78	32	1	0.0529891304347826
78	11	4	0.105834464043419
78	21	5	0.0651629072681704
78	26	1	0.0576923076923077
78	17	1	0.0752169720347155
78	22	1	0.0633116883116883
78	18	2	0.0722222222222222
78	13	2	0.0923076923076923
78	23	1	0.0616600790513834
78	29	1	0.0548909218859958
78	25	2	0.0588679245283019
78	28	1	0.0557142857142857
78	39	2	0.0256410256410256
78	9	4	0.1256038647343
78	12	4	0.0984848484848485
78	15	1	0.0825396825396825
78	20	1	0.0672413793103448
78	14	1	0.0870535714285714
78	8	1	0.139285714285714
78	38	1	0.0513157894736842
78	34	1	0.0521390374331551
78	37	1	0.0514172709294661
78	24	3	0.0601851851851852
78	10	2	0.114705882352941
78	19	2	0.0695807314897413
78	31	2	0.0535346602608099
93	27	1	0.0521885521885522
93	40	1	0.0438679245283019
93	17	1	0.0719814241486068
93	41	3	0.0436210131332083
93	46	1	0.0430157261794635
93	37	1	0.0448841698841699
93	13	1	0.0894230769230769
93	29	1	0.0501077586206897
93	44	1	0.0431354359925789
106	52	1	0.0377492877492877
106	53	1	0.0188679245283019
65	32	10	0.0615530303030303
65	21	9	0.0703463203463204
65	7	8	0.160098522167488
65	26	6	0.0641025641025641
65	17	8	0.079656862745098
65	18	7	0.0768321513002364
65	30	5	0.0619047619047619
65	16	9	0.0829081632653061
65	25	4	0.065
65	27	5	0.0633528265107212
65	28	2	0.0627413127413127
65	20	7	0.0722222222222222
65	14	5	0.0910364145658263
65	24	5	0.0660569105691057
65	10	9	0.118181818181818
65	31	10	0.0616698292220114
65	11	10	0.109427609427609
65	22	3	0.0687103594080338
65	23	3	0.067287784679089
65	13	11	0.0961538461538462
65	29	5	0.0622605363984674
65	9	7	0.128968253968254
65	12	3	0.102201257861635
65	15	5	0.0866666666666667
65	8	5	0.142543859649123
65	19	10	0.074370709382151
29	6	885	0.210144927536232
29	11	853	0.146464646464646
29	3	1170	0.371794871794872
29	7	848	0.188311688311688
29	9	901	0.161111111111111
29	12	885	0.142156862745098
29	14	899	0.138095238095238
29	8	883	0.172619047619048
29	4	1042	0.29
29	10	876	0.152631578947368
29	13	850	0.139423076923077
29	5	929	0.241666666666667
114	14	1	0.0814285714285714
58	11	20	0.112185686653772
58	21	18	0.0746460746460746
58	7	33	0.162464985994398
58	26	20	0.0697115384615385
58	17	13	0.0832137733142037
58	22	17	0.0732323232323232
58	18	20	0.0805555555555555
58	16	14	0.0863095238095238
58	13	13	0.0991452991452992
58	23	25	0.0720496894409938
58	29	8	0.0344827586206897
58	25	14	0.0703030303030303
58	27	24	0.0692951015531661
58	6	25	0.185897435897436
58	28	17	0.0690476190476191
58	9	14	0.131519274376417
58	12	15	0.105072463768116
58	14	19	0.0941558441558442
58	15	24	0.089922480620155
58	20	15	0.0763157894736842
58	8	26	0.145
58	24	21	0.071078431372549
58	10	18	0.120833333333333
58	19	19	0.0782726045883941
153	28	1	0.0437142857142857
137	66	1	0.0292360221937687
81	35	3	0.0503105590062112
81	32	2	0.0516581632653061
81	11	2	0.105194805194805
81	33	1	0.0511363636363636
81	26	1	0.0566433566433566
81	17	1	0.0744485294117647
81	22	2	0.0624036979969183
81	18	3	0.0714285714285714
81	30	2	0.0529411764705882
81	13	1	0.0916289592760181
81	16	2	0.0778846153846154
81	29	1	0.0537135278514589
81	27	1	0.0555555555555556
81	25	2	0.0578571428571429
81	36	2	0.05
81	40	1	0.049390243902439
81	12	1	0.0978260869565217
81	20	2	0.0663934426229508
81	14	1	0.0863539445628998
81	38	1	0.0495716034271726
81	34	1	0.0506883604505632
81	24	2	0.0592105263157895
81	10	1	0.114084507042254
81	31	1	0.052258064516129
60	11	18	0.111317254174397
60	21	14	0.0732600732600732
60	7	26	0.161725067385445
60	26	8	0.0678733031674208
60	17	20	0.0820793433652531
60	22	18	0.0717703349282297
60	18	11	0.0793650793650794
60	30	7	0.0333333333333333
60	13	13	0.0981996726677578
60	16	8	0.0852272727272727
60	23	17	0.0705052878965922
60	29	17	0.0667408231368187
60	25	12	0.0685714285714286
60	27	12	0.0673400673400673
60	28	14	0.0669642857142857
60	9	17	0.130718954248366
60	12	10	0.104166666666667
60	15	13	0.0888888888888889
60	14	22	0.093167701863354
60	20	17	0.075
60	8	21	0.144230769230769
60	24	15	0.0694444444444444
60	10	12	0.12
60	19	17	0.0770218228498074
101	27	1	0.0505505505505505
101	25	1	0.0531578947368421
101	16	1	0.0742647058823529
101	19	1	0.0648267008985879
101	17	1	0.0707282913165266
73	35	3	0.0548872180451128
73	33	2	0.0553030303030303
73	21	3	0.0668498168498168
73	26	3	0.0597381342062193
73	17	1	0.0766806722689076
73	22	1	0.0650623885918004
73	18	2	0.0737373737373737
73	30	5	0.0565891472868217
73	16	4	0.0800438596491228
73	23	1	0.0634782608695652
73	13	1	0.0935897435897436
73	29	3	0.0572100313479624
73	25	1	0.0608333333333333
73	27	2	0.0587761674718196
73	28	1	0.0579365079365079
73	36	2	0.0548048048048048
73	9	4	0.126736111111111
73	12	2	0.0997267759562842
73	15	2	0.0839080459770115
73	20	2	0.0688679245283019
73	14	5	0.0883777239709443
73	8	5	0.140384615384615
73	34	3	0.055052790346908
73	24	2	0.0620748299319728
73	19	2	0.0711500974658869
73	10	3	0.115873015873016
73	31	2	0.0560675883256528
76	11	1	0.106293706293706
76	32	5	0.0539772727272727
76	33	2	0.0535588442565187
76	21	2	0.0658008658008658
76	26	3	0.0584615384615385
76	17	3	0.0757726819541376
76	22	2	0.063973063973064
76	18	3	0.0727969348659004
76	30	1	0.0550724637681159
76	23	2	0.0623461853978671
76	29	4	0.0557593543653705
76	25	2	0.0596078431372549
76	27	1	0.0574452003023432
76	12	3	0.0989583333333333
76	15	3	0.0830601092896175
76	14	2	0.0875576036866359
76	20	3	0.0678571428571429
76	8	6	0.139705882352941
76	34	4	0.0532212885154062
76	37	1	0.0526680526680527
76	24	1	0.0608974358974359
76	19	2	0.0701754385964912
76	31	1	0.0544802867383513
86	35	1	0.0481792717086835
86	32	1	0.0497685185185185
86	33	2	0.0491709548313322
86	26	1	0.0551282051282051
86	17	1	0.0733162830349531
86	22	1	0.0610795454545455
86	18	1	0.0702614379084967
86	13	2	0.0906217070600632
86	23	2	0.0593512767425811
86	29	1	0.0520266182698125
86	25	3	0.0563934426229508
86	36	2	0.0477777777777778
86	40	1	0.0467391304347826
86	12	1	0.0968468468468468
86	41	1	0.0466124661246612
86	15	2	0.0807511737089202
86	14	1	0.0853174603174603
86	37	1	0.0474351902923331
86	19	1	0.0675569520816968
62	11	15	0.110516934046346
62	21	15	0.0720092915214866
62	7	16	0.161038961038961
62	26	6	0.0662393162393162
62	17	12	0.0810457516339869
62	22	11	0.0704545454545455
62	18	7	0.0782828282828283
62	30	13	0.0645833333333333
62	13	14	0.097331240188383
62	16	11	0.0842391304347826
62	23	11	0.0691192865105908
62	29	10	0.06478578892372
62	27	13	0.0656084656084656
62	25	11	0.067027027027027
62	28	17	0.0651260504201681
62	9	11	0.129979035639413
62	12	12	0.103333333333333
62	15	7	0.0879432624113475
62	20	16	0.0738095238095238
62	14	16	0.0922619047619048
62	8	15	0.143518518518519
62	24	13	0.0679824561403509
62	19	9	0.0758873929008568
62	10	4	0.119230769230769
62	31	3	0.032258064516129
67	11	3	0.108766233766234
67	32	8	0.0598214285714286
67	33	1	0.0597147950089127
67	21	1	0.0693581780538302
67	7	7	0.15952380952381
67	26	5	0.0628517823639775
67	17	6	0.0788235294117647
67	22	5	0.0676767676767677
67	18	9	0.0759637188208617
67	30	7	0.0603603603603604
67	13	4	0.0954415954415954
67	16	5	0.0821078431372549
67	23	9	0.066205533596838
67	29	3	0.0607985480943739
67	25	3	0.0638095238095238
67	27	2	0.062037037037037
67	28	6	0.0613553113553114
67	9	4	0.128352490421456
67	12	4	0.101515151515152
67	14	4	0.0902964959568733
67	20	5	0.0712765957446809
67	15	12	0.0858974358974359
67	8	6	0.141949152542373
67	24	4	0.064922480620155
67	19	5	0.0734649122807017
67	10	7	0.117543859649123
67	31	6	0.0600358422939068
129	28	1	0.0456152758132956
82	35	1	0.0498480243161094
82	32	2	0.05125
82	33	2	0.0507111935683364
82	21	1	0.0640124902419984
82	17	1	0.0742081447963801
82	30	1	0.0525641025641026
82	13	1	0.0914158305462653
82	16	2	0.0776515151515152
82	29	1	0.0533506831489915
82	27	1	0.0552188552188552
82	28	1	0.0542328042328042
82	40	1	0.0488095238095238
82	15	1	0.081592039800995
82	20	1	0.0661290322580645
82	34	2	0.0502450980392157
82	24	1	0.0589080459770115
82	10	4	0.113888888888889
82	31	2	0.0518659076533839
110	49	1	0.0368016058882569
147	41	1	0.03382420616659
112	28	1	0.0476190476190476
112	36	1	0.0409356725146199
112	45	1	0.0371475953565506
112	29	1	0.046530951391774
69	32	3	0.058277027027027
69	33	7	0.0580808080808081
69	11	5	0.108150470219436
69	21	5	0.0684523809523809
69	7	5	0.158986175115207
69	26	3	0.0617173524150268
69	17	2	0.0780542986425339
69	22	4	0.0667311411992263
69	18	3	0.0751633986928105
69	30	2	0.058974358974359
69	16	11	0.0813679245283019
69	23	3	0.0652173913043478
69	13	5	0.0947802197802198
69	29	5	0.0594827586206897
69	27	7	0.0608465608465608
69	25	5	0.0627272727272727
69	28	3	0.0601045296167247
69	9	5	0.127777777777778
69	12	6	0.100877192982456
69	15	1	0.0851851851851852
69	14	4	0.0896103896103896
69	20	4	0.0704081632653061
69	8	7	0.141393442622951
69	34	1	0.0579831932773109
69	24	4	0.0638888888888889
69	19	6	0.0726315789473684
69	10	7	0.116949152542373
69	31	2	0.0585738539898132
49	11	64	0.117224880382775
49	21	79	0.0833333333333333
49	7	99	0.166666666666667
49	17	76	0.0900735294117647
49	22	69	0.0824915824915825
49	18	68	0.0878136200716846
49	16	64	0.0928030303030303
49	23	66	0.0819397993311037
49	13	76	0.104700854700855
49	6	88	0.189922480620155
49	9	72	0.136111111111111
49	12	59	0.11036036036036
49	15	64	0.096078431372549
49	14	77	0.1
49	20	73	0.0844827586206897
49	8	64	0.149390243902439
49	24	79	0.0816666666666667
49	19	60	0.0859649122807017
49	10	77	0.125641025641026
49	5	110	0.222727272727273
124	59	1	0.0323337679269883
104	39	1	0.041025641025641
104	34	1	0.0436974789915966
104	28	1	0.0488721804511278
104	51	1	0.0384757676655568
104	20	1	0.0619047619047619
79	35	3	0.0512987012987013
79	11	1	0.105614973262032
79	33	1	0.0520421607378129
79	32	3	0.0525265957446809
79	21	2	0.0648604269293925
79	26	2	0.0573294629898403
79	17	2	0.0749525616698292
79	22	1	0.0629984051036683
79	18	2	0.0719489981785064
79	30	2	0.0537414965986395
79	23	2	0.0613354037267081
79	16	1	0.0783730158730159
79	13	2	0.0920745920745921
79	29	3	0.0544827586206897
79	25	2	0.0585185185185185
79	27	2	0.0562678062678063
79	28	1	0.0553221288515406
79	36	1	0.0510335917312661
79	12	1	0.0982587064676617
79	20	1	0.0669491525423729
79	14	5	0.0868131868131868
79	15	1	0.0822916666666667
79	38	1	0.0507060333761232
79	8	1	0.139084507042254
79	34	1	0.0516339869281046
79	24	2	0.0598484848484848
79	37	2	0.0508365508365508
79	19	1	0.0692982456140351
79	31	1	0.0530913978494624
96	40	1	0.0428571428571429
96	37	1	0.0439761795693999
96	16	1	0.075
96	17	1	0.071481757259866
96	41	1	0.0425720620842572
126	45	1	0.0345679012345679
126	19	1	0.0619773733398918
47	11	110	0.118686868686869
47	21	102	0.0860805860805861
47	7	125	0.167857142857143
47	17	98	0.092156862745098
47	22	91	0.0854545454545454
47	18	80	0.0900383141762452
47	23	94	0.0851449275362319
47	13	101	0.106334841628959
47	16	110	0.094758064516129
47	6	116	0.191056910569106
47	9	87	0.137426900584795
47	12	104	0.111904761904762
47	20	94	0.087037037037037
47	15	89	0.0979166666666667
47	14	77	0.101731601731602
47	8	91	0.150641025641026
47	10	92	0.127027027027027
47	19	94	0.0883458646616541
47	5	130	0.223809523809524
98	35	1	0.0444444444444444
98	28	1	0.05
98	21	1	0.0606060606060606
98	13	1	0.0886877828054299
98	44	1	0.0412457912457912
98	20	1	0.0628205128205128
37	11	427	0.129370629370629
37	7	410	0.176190476190476
37	17	442	0.108823529411765
37	18	461	0.108187134502924
37	16	447	0.110119047619048
37	13	392	0.118589743589744
37	6	407	0.198924731182796
37	9	434	0.146825396825397
37	12	399	0.123333333333333
37	14	387	0.114906832298137
37	15	444	0.112121212121212
37	8	404	0.15948275862069
37	4	622	0.28030303030303
37	10	377	0.137037037037037
37	5	520	0.23125
117	41	1	0.0375481386392811
43	11	166	0.122159090909091
43	21	171	0.0930735930735931
43	7	191	0.170634920634921
43	17	184	0.0972850678733032
43	18	157	0.0955555555555556
43	16	175	0.099537037037037
43	13	157	0.11025641025641
43	6	220	0.193693693693694
43	9	140	0.140522875816993
43	12	170	0.115591397849462
43	15	164	0.102380952380952
43	14	174	0.105911330049261
43	20	160	0.0934782608695652
43	8	167	0.153571428571429
43	19	147	0.0942982456140351
43	10	170	0.13030303030303
43	5	221	0.226315789473684
33	11	662	0.136363636363636
33	7	593	0.181318681318681
33	16	612	0.121323529411765
33	13	625	0.126923076923077
33	6	634	0.203703703703704
33	9	626	0.152777777777778
33	12	623	0.130952380952381
33	14	633	0.12406015037594
33	15	642	0.122222222222222
33	8	646	0.165
33	4	844	0.28448275862069
33	10	610	0.143478260869565
33	5	710	0.235714285714286
63	11	11	0.11013986013986
63	21	18	0.0714285714285714
63	7	12	0.160714285714286
63	26	7	0.0654885654885655
63	17	12	0.0805626598465473
63	22	16	0.0698447893569845
63	18	5	0.0777777777777778
63	30	10	0.0636363636363636
63	16	5	0.0837765957446809
63	13	10	0.0969230769230769
63	23	5	0.0684782608695652
63	29	7	0.063894523326572
63	27	9	0.0648148148148148
63	25	10	0.0663157894736842
63	28	5	0.0642857142857143
63	9	14	0.12962962962963
63	12	3	0.102941176470588
63	15	12	0.0875
63	14	14	0.0918367346938775
63	20	16	0.0732558139534884
63	8	8	0.143181818181818
63	24	10	0.0673076923076923
63	10	8	0.118867924528302
63	19	4	0.0753588516746412
63	31	8	0.063508064516129
26	6	1057	0.216666666666667
26	11	1027	0.157575757575758
26	3	1281	0.376811594202899
26	7	997	0.195488721804511
26	9	978	0.169934640522876
26	12	1001	0.154761904761905
26	8	1032	0.180555555555556
26	4	1113	0.295454545454545
26	13	514	0.0769230769230769
26	10	1008	0.1625
26	5	1013	0.247619047619048
80	35	4	0.0507936507936508
80	33	1	0.0515796260477112
80	26	1	0.056980056980057
80	17	1	0.0746965452847806
80	16	1	0.078125
80	23	1	0.061022120518688
80	13	2	0.0918484500574053
80	25	2	0.0581818181818182
80	28	3	0.0549450549450549
80	36	1	0.0505050505050505
80	9	1	0.125195618153365
80	20	1	0.0666666666666667
80	15	2	0.0820512820512821
80	14	1	0.0865800865800866
80	38	2	0.050125313283208
80	34	1	0.051150895140665
80	24	1	0.0595238095238095
80	37	1	0.0502828409805154
80	10	1	0.114285714285714
80	31	1	0.0526662277814351
119	53	1	0.034019439679817
119	17	1	0.0686274509803922
99	12	1	0.0948275862068965
99	38	1	0.042709232096635
99	18	1	0.0679012345679012
99	49	1	0.0404081632653061
99	46	1	0.0406070549630845
99	24	1	0.055
99	30	1	0.0478260869565217
99	29	1	0.0487684729064039
72	32	5	0.05625
72	33	2	0.0559440559440559
72	21	1	0.0672268907563025
72	26	5	0.0602006688963211
72	17	5	0.0770053475935829
72	18	5	0.0740740740740741
72	30	5	0.0571428571428571
72	16	4	0.0803571428571428
72	25	2	0.0612765957446808
72	27	3	0.0592592592592593
72	28	4	0.0584415584415584
72	14	2	0.0886699507389163
72	20	3	0.0692307692307692
72	24	4	0.0625
72	10	1	0.116129032258065
72	31	4	0.0566483084185681
72	35	2	0.0555984555984556
72	11	3	0.107302533532042
72	22	3	0.0654545454545455
72	23	2	0.0638864241348713
72	13	1	0.0938722294654498
72	29	3	0.057738572574178
72	36	2	0.0277777777777778
72	9	9	0.126984126984127
72	12	2	0.1
72	15	5	0.0842105263157895
72	8	4	0.140625
72	34	1	0.0557275541795666
74	35	3	0.0542124542124542
74	33	1	0.0546932742054693
74	32	5	0.0550595238095238
74	11	3	0.106782106782107
74	21	2	0.0664869721473495
74	17	2	0.0763673890608875
74	22	2	0.0646853146853147
74	30	3	0.0560606060606061
74	16	1	0.0797413793103448
74	23	2	0.0630861040068201
74	13	2	0.0933165195460278
74	29	2	0.0567049808429119
74	27	4	0.0583136327817179
74	25	3	0.0604081632653061
74	28	3	0.0574534161490683
74	36	1	0.054093567251462
74	9	4	0.126495726495726
74	12	3	0.0994623655913978
74	15	1	0.0836158192090395
74	14	1	0.0880952380952381
74	20	1	0.0685185185185185
74	8	6	0.140151515151515
74	34	3	0.0544117647058824
74	24	3	0.0616666666666667
74	37	2	0.027027027027027
74	10	1	0.115625
74	31	3	0.0555138784696174
61	11	7	0.110909090909091
61	21	7	0.0726190476190476
61	7	14	0.161375661375661
61	26	9	0.067032967032967
61	17	20	0.0815508021390374
61	22	8	0.0710955710955711
61	18	9	0.0788113695090439
61	30	15	0.0655913978494624
61	23	12	0.0697940503432494
61	16	9	0.0847222222222222
61	13	17	0.0977564102564103
61	29	19	0.0657327586206897
61	27	7	0.0664488017429194
61	25	15	0.0677777777777778
61	28	12	0.066017316017316
61	9	12	0.13034188034188
61	12	13	0.103741496598639
61	14	19	0.0927051671732523
61	20	13	0.074390243902439
61	15	10	0.0884057971014493
61	8	17	0.143867924528302
61	24	10	0.0686936936936937
61	10	8	0.119607843137255
61	19	14	0.0764411027568922
108	12	1	0.09375
108	47	1	0.0376700383676317
115	52	1	0.0351037851037851
115	56	1	0.0348062953995157
115	45	1	0.0365079365079365
115	41	1	0.0379037574159525
115	54	1	0.0349119611414693
92	25	2	0.0549253731343284
92	21	1	0.0617035546613011
92	28	1	0.0513392857142857
92	40	1	0.0442307692307692
92	14	1	0.0842490842490842
92	46	1	0.0217391304347826
92	13	1	0.0895813047711782
92	16	1	0.0756578947368421
92	23	1	0.0579710144927536
92	29	1	0.0503557744937055
103	34	1	0.0439045183290708
103	18	1	0.0673202614379085
113	19	1	0.0632698768197088
113	14	1	0.0815295815295815
91	25	2	0.0551515151515152
91	26	1	0.0538461538461538
91	12	1	0.0959915611814346
91	41	1	0.044390243902439
91	15	1	0.0798245614035088
91	20	1	0.0640845070422535
91	24	2	0.056592039800995
91	19	1	0.0665204678362573
91	44	1	0.0440038684719536
48	11	72	0.117936117936118
48	21	67	0.0846560846560847
48	7	86	0.167247386759582
48	17	70	0.0910815939278937
48	22	78	0.0839160839160839
48	18	90	0.0888888888888889
48	23	73	0.0834782608695652
48	13	79	0.105494505494505
48	16	81	0.09375
48	6	120	0.19047619047619
48	9	83	0.136752136752137
48	12	81	0.111111111111111
48	14	73	0.100840336134454
48	15	79	0.096969696969697
48	20	91	0.0857142857142857
48	8	69	0.15
48	24	38	0.0416666666666667
48	10	84	0.126315789473684
48	19	81	0.0871143375680581
48	5	124	0.223255813953488
107	33	2	0.0438165438165438
87	35	1	0.0478021978021978
87	11	1	0.104066985645933
87	33	1	0.0488215488215488
87	17	1	0.073109243697479
87	22	2	0.0608391608391608
87	42	1	0.046031746031746
87	18	1	0.070048309178744
87	16	1	0.0765845070422535
87	23	2	0.0591032608695652
87	13	1	0.0904365904365904
87	39	1	0.046474358974359
87	12	1	0.0966666666666667
87	15	1	0.0805555555555555
87	38	1	0.0467239527389903
87	24	1	0.0575396825396825
87	37	3	0.047027027027027
87	43	1	0.0459830866807611
87	31	1	0.0501152073732719
77	35	1	0.0523809523809524
77	11	2	0.106060606060606
77	33	1	0.053030303030303
77	32	4	0.0534722222222222
77	21	1	0.0654761904761905
77	26	4	0.0580693815987934
77	22	3	0.0636363636363636
77	18	1	0.0725047080979284
77	30	2	0.0546099290780142
77	23	1	0.0619967793880837
77	13	1	0.0925480769230769
77	27	1	0.057037037037037
77	25	1	0.0592307692307692
77	36	4	0.0521680216802168
77	12	2	0.0987179487179487
77	15	1	0.0827956989247312
77	14	2	0.0873015873015873
77	20	1	0.0675438596491228
77	8	4	0.139492753623188
77	38	2	0.0519568151147098
77	34	3	0.0526675786593707
77	24	2	0.0605345911949686
77	37	2	0.052027027027027
77	19	2	0.0698729582577133
77	10	2	0.114925373134328
77	31	1	0.0539971949509116
123	33	1	0.0414141414141414
50	11	80	0.116550116550117
50	21	47	0.0821018062397373
50	7	88	0.166112956810631
50	17	58	0.089126559714795
50	22	60	0.0811688311688312
50	18	62	0.0868055555555556
50	13	60	0.103950103950104
50	16	63	0.0919117647058824
50	23	62	0.0805152979066023
50	6	64	0.189393939393939
50	25	30	0.04
50	9	60	0.13550135501355
50	12	60	0.109649122807018
50	15	42	0.0952380952380952
50	20	66	0.0833333333333333
50	14	72	0.0992063492063492
50	8	66	0.148809523809524
50	24	67	0.0801282051282051
50	19	60	0.0848896434634974
50	10	56	0.125
39	11	332	0.126623376623377
39	7	320	0.174107142857143
39	17	308	0.10427807486631
39	18	297	0.103174603174603
39	13	305	0.115384615384615
39	16	267	0.105978260869565
39	6	375	0.196969696969697
39	9	257	0.144444444444444
39	12	322	0.12037037037037
39	15	339	0.108333333333333
39	14	297	0.111428571428571
39	8	289	0.157258064516129
39	4	477	0.278571428571429
39	19	300	0.102631578947368
39	10	325	0.13448275862069
39	5	416	0.229411764705882
64	32	1	0.03125
64	21	10	0.070874861572536
64	7	15	0.160401002506266
64	26	10	0.0647773279352227
64	17	10	0.0801001251564456
64	18	9	0.0772946859903382
64	30	5	0.0627450980392157
64	16	7	0.0833333333333333
64	25	12	0.0656410256410256
64	27	3	0.0640640640640641
64	28	9	0.0634920634920635
64	14	8	0.0914285714285714
64	20	7	0.0727272727272727
64	24	5	0.0666666666666667
64	10	10	0.118518518518519
64	31	10	0.0625610948191593
64	11	8	0.109777015437393
64	22	6	0.0692640692640693
64	23	6	0.0678685047720042
64	13	7	0.0965309200603318
64	29	6	0.0630541871921182
64	9	14	0.129292929292929
64	12	8	0.102564102564103
64	15	13	0.0870748299319728
64	8	11	0.142857142857143
64	19	4	0.0748538011695906
97	42	1	0.041991341991342
97	21	1	0.0607769423558897
97	18	1	0.0682137834036568
97	40	1	0.0425438596491228
97	23	1	0.0569917743830787
97	43	1	0.0417743324720069
97	41	1	0.0422473867595819
41	11	204	0.124242424242424
41	7	224	0.172268907563025
41	17	255	0.100490196078431
41	18	211	0.0990338164251208
41	16	251	0.1025
41	13	236	0.112637362637363
41	6	279	0.195238095238095
41	9	209	0.142361111111111
41	12	231	0.117816091954023
41	14	206	0.108465608465608
41	15	256	0.105128205128205
41	20	226	0.0976190476190476
41	8	243	0.15530303030303
41	10	236	0.132258064516129
41	19	235	0.0980861244019139
41	5	305	0.227777777777778
52	11	44	0.11529933481153
52	21	39	0.0798771121351766
52	7	52	0.165079365079365
52	26	24	0.0384615384615385
52	17	33	0.0873949579831933
52	22	51	0.0787878787878788
52	18	49	0.0849673202614379
52	13	41	0.102564102564103
52	16	40	0.0902777777777778
52	23	37	0.0779610194902549
52	6	64	0.188405797101449
52	25	46	0.077037037037037
52	9	52	0.134366925064599
52	12	50	0.108333333333333
52	20	50	0.08125
52	14	52	0.0977443609022556
52	15	50	0.0936936936936937
52	8	43	0.147727272727273
52	24	43	0.0773809523809524
52	10	51	0.123809523809524
52	19	53	0.0829346092503987
56	11	20	0.113131313131313
56	21	25	0.0761904761904762
56	7	32	0.163265306122449
56	26	29	0.0717948717948718
56	17	21	0.0844645550527904
56	22	33	0.0748663101604278
56	18	29	0.0818713450292398
56	13	25	0.100178890876565
56	16	22	0.0875
56	23	35	0.0737812911725955
56	6	38	0.186666666666667
56	25	27	0.072258064516129
56	27	20	0.0715197956577267
56	28	7	0.0357142857142857
56	9	25	0.132387706855792
56	12	24	0.106060606060606
56	20	21	0.0777777777777778
56	14	28	0.0952380952380952
56	15	29	0.0910569105691057
56	8	29	0.145833333333333
56	24	31	0.0729166666666667
56	19	23	0.0796586059743954
56	10	35	0.121739130434783
45	11	133	0.120320855614973
45	21	128	0.0892857142857143
45	7	143	0.169172932330827
45	17	145	0.0945378151260504
45	22	140	0.0889328063241107
45	18	98	0.0925925925925926
45	16	135	0.0969827586206897
45	13	133	0.108173076923077
45	6	153	0.192307692307692
45	9	121	0.138888888888889
45	12	137	0.113636363636364
45	20	125	0.09
45	14	130	0.1036866359447
45	15	135	0.1
45	8	122	0.152027027027027
45	19	127	0.0910931174089069
45	10	131	0.128571428571429
45	5	171	0.225
66	33	4	0.0303030303030303
66	32	3	0.0606617647058824
66	21	5	0.0698412698412698
66	7	9	0.159806295399516
66	26	6	0.0634615384615385
66	17	7	0.0792316926770708
66	18	6	0.0763888888888889
66	30	8	0.0611111111111111
66	16	11	0.0825
66	25	6	0.064390243902439
66	27	7	0.0626780626780627
66	28	4	0.0620300751879699
66	14	4	0.0906593406593407
66	20	9	0.0717391304347826
66	24	7	0.0654761904761905
66	10	4	0.117857142857143
66	31	8	0.0608294930875576
66	11	8	0.109090909090909
66	22	11	0.0681818181818182
66	23	9	0.0667340748230536
66	13	8	0.0957910014513788
66	29	5	0.0615097856477167
66	9	12	0.128654970760234
66	12	7	0.101851851851852
66	15	8	0.0862745098039216
66	8	6	0.142241379310345
66	19	1	0.0739081746920493
54	11	35	0.114164904862579
54	21	34	0.0779220779220779
54	7	39	0.164133738601824
54	26	36	0.0741758241758242
54	17	42	0.0858505564387917
54	22	23	0.0767045454545455
54	18	35	0.0833333333333333
54	13	35	0.101313320825516
54	16	23	0.0888157894736842
54	23	29	0.0757363253856942
54	27	17	0.037037037037037
54	25	29	0.0744827586206896
54	6	46	0.1875
54	9	34	0.133333333333333
54	12	28	0.107142857142857
54	20	34	0.0794117647058823
54	15	34	0.0923076923076923
54	14	36	0.0964285714285714
54	8	40	0.146739130434783
54	24	26	0.075
54	10	25	0.122727272727273
54	19	34	0.081203007518797
70	35	3	0.0285714285714286
70	33	2	0.0573300573300573
70	11	5	0.107858243451464
70	32	4	0.0575657894736842
70	21	1	0.0680272108843537
70	26	8	0.0611888111888112
70	17	5	0.0776914539400666
70	22	4	0.0662878787878788
70	18	5	0.0747863247863248
70	30	2	0.0583333333333333
70	23	2	0.0647548566142461
70	16	5	0.0810185185185185
70	13	5	0.0944669365721997
70	29	5	0.0588730025231287
70	27	2	0.0602928509905254
70	25	4	0.0622222222222222
70	28	2	0.0595238095238095
70	9	3	0.127504553734062
70	12	2	0.100574712643678
70	14	1	0.0892857142857143
70	15	4	0.0848484848484848
70	20	4	0.07
70	8	3	0.141129032258065
70	34	8	0.0571895424836601
70	24	6	0.0634057971014493
70	19	5	0.0722394220846233
70	10	1	0.116666666666667
70	31	3	0.0578990901571547
68	11	6	0.108452950558214
68	32	7	0.0590277777777778
68	33	3	0.0588744588744589
68	21	10	0.0688956433637285
68	7	10	0.159250585480094
68	26	8	0.0622710622710623
68	17	4	0.0784313725490196
68	22	6	0.0671936758893281
68	18	5	0.0755555555555556
68	30	9	0.0596491228070175
68	13	5	0.0951048951048951
68	16	5	0.0817307692307692
68	23	4	0.0657004830917874
68	29	3	0.0601237842617153
68	27	4	0.0614272809394761
68	25	4	0.0632558139534884
68	28	6	0.0607142857142857
68	9	4	0.128060263653484
68	12	5	0.101190476190476
68	15	2	0.0855345911949685
68	14	2	0.0899470899470899
68	20	5	0.0708333333333333
68	8	8	0.141666666666667
68	34	1	0.0294117647058824
68	24	7	0.0643939393939394
68	19	2	0.0730397422126745
68	10	10	0.117241379310345
68	31	6	0.0592850915431561
88	35	1	0.0474393530997305
88	11	3	0.103896103896104
88	17	1	0.0729080364540182
88	22	1	0.0606060606060606
88	30	1	0.0505747126436782
88	23	1	0.0588628762541806
88	13	1	0.0902564102564103
88	25	2	0.0558730158730159
88	28	1	0.0523809523809524
88	36	1	0.047008547008547
88	9	1	0.123769338959212
88	12	1	0.0964912280701754
88	41	1	0.0456668396471199
88	14	1	0.0849420849420849
88	20	1	0.0647058823529412
88	15	1	0.080365296803653
88	38	1	0.0463157894736842
88	34	1	0.0479302832244009
88	24	2	0.0572916666666667
88	19	1	0.0671243325705568
88	31	2	0.0498019241652518
116	13	1	0.0866318147871546
116	29	1	0.0459770114942529
136	38	1	0.0365198711063373
30	11	800	0.143540669856459
30	7	830	0.186335403726708
30	13	807	0.135746606334842
30	6	771	0.208333333333333
30	9	774	0.158730158730159
30	12	867	0.138888888888889
30	14	852	0.133928571428571
30	15	392	0.0666666666666667
30	8	812	0.170454545454545
30	4	987	0.288461538461538
30	10	780	0.15
30	5	925	0.24
144	23	1	0.0517427236794826
100	25	1	0.0533333333333333
100	33	1	0.0452284034373587
100	50	1	0.02
100	36	1	0.0434027777777778
100	20	1	0.0625
100	15	1	0.0784313725490196
100	49	1	0.040016006402561
100	23	1	0.0564652738565782
28	6	924	0.212121212121212
28	11	926	0.149732620320856
28	3	1271	0.373333333333333
28	7	932	0.19047619047619
28	9	944	0.16374269005848
28	12	948	0.145833333333333
28	14	500	0.0714285714285714
28	8	937	0.175
28	4	1104	0.291666666666667
28	13	964	0.143589743589744
28	10	961	0.155555555555556
28	5	1007	0.243478260869565
120	46	1	0.0352526439482961
40	11	253	0.125391849529781
40	7	277	0.173160173160173
40	17	286	0.10230179028133
40	18	257	0.101010101010101
40	16	282	0.104166666666667
40	13	240	0.113960113960114
40	6	341	0.196078431372549
40	9	245	0.14336917562724
40	12	263	0.119047619047619
40	15	250	0.106666666666667
40	20	154	0.05
40	14	271	0.10989010989011
40	8	243	0.15625
40	10	297	0.133333333333333
40	19	257	0.100250626566416
40	5	334	0.228571428571429
75	32	4	0.0545058139534884
75	33	1	0.0541125541125541
75	21	3	0.0661375661375661
75	26	1	0.0588697017268446
75	17	4	0.0760649087221095
75	18	1	0.0730994152046784
75	30	3	0.0555555555555556
75	16	4	0.0794491525423729
75	25	3	0.06
75	27	1	0.0578703703703704
75	28	2	0.0569908814589666
75	20	2	0.0681818181818182
75	14	3	0.0878220140515222
75	24	1	0.0612745098039216
75	31	2	0.0549853372434018
75	35	4	0.0535714285714286
75	11	1	0.106534090909091
75	22	1	0.0643224699828473
75	13	4	0.0930521091811414
75	23	1	0.0627090301003344
75	29	3	0.0562218890554723
75	36	2	0.0534188034188034
75	9	1	0.126262626262626
75	12	5	0.0992063492063492
75	15	1	0.0833333333333333
75	8	5	0.139925373134328
75	34	2	0.0538020086083214
75	37	1	0.0533428165007112
75	19	4	0.0704887218045113
83	35	3	0.0494047619047619
83	32	1	0.0508578431372549
83	11	1	0.10479797979798
83	21	1	0.0637480798771121
83	26	1	0.0560053981106613
83	17	1	0.0739750445632799
83	22	1	0.0618479880774963
83	18	1	0.0709401709401709
83	30	1	0.0522012578616352
83	13	1	0.0912087912087912
83	16	1	0.0774253731343284
83	23	1	0.0601449275362319
83	39	1	0.0483682983682984
83	41	1	0.0481997677119628
83	12	1	0.0974178403755868
83	14	1	0.0859213250517598
83	38	3	0.0485380116959064
83	37	2	0.0487661574618096
83	10	1	0.113698630136986
83	31	1	0.0514888337468983
59	11	18	0.111742424242424
59	21	20	0.0739348370927318
59	7	28	0.162087912087912
59	26	14	0.0687645687645688
59	17	20	0.0826330532212885
59	22	10	0.0724815724815725
59	18	21	0.0799457994579946
59	16	14	0.0857558139534884
59	13	18	0.0986622073578595
59	23	17	0.071256038647343
59	29	14	0.067816091954023
59	27	17	0.068287037037037
59	25	18	0.0694117647058824
59	6	28	0.185534591194969
59	28	15	0.0679723502304147
59	9	12	0.131111111111111
59	12	17	0.104609929078014
59	14	18	0.0936507936507937
59	20	17	0.0756410256410256
59	15	10	0.0893939393939394
59	8	16	0.144607843137255
59	24	19	0.0702380952380952
59	19	18	0.0776315789473684
59	10	20	0.120408163265306
130	60	1	0.030952380952381
53	11	33	0.114718614718615
53	21	31	0.0788690476190476
53	7	48	0.164596273291925
53	26	30	0.0754985754985755
53	17	47	0.0866013071895425
53	22	34	0.0777126099706745
53	18	39	0.0841269841269841
53	16	41	0.089527027027027
53	13	31	0.101923076923077
53	23	39	0.0768115942028985
53	25	35	0.0757142857142857
53	6	61	0.187943262411348
53	9	46	0.133838383838384
53	12	40	0.107723577235772
53	20	33	0.0803030303030303
53	15	30	0.0929824561403509
53	14	40	0.0970695970695971
53	8	42	0.147222222222222
53	24	31	0.0761494252873563
53	10	35	0.123255813953488
53	19	35	0.0820433436532508
122	51	1	0.0336923501795084
143	69	1	0.0280062671367019
42	11	204	0.12316715542522
42	21	104	0.0476190476190476
42	7	213	0.171428571428571
42	17	194	0.0988235294117647
42	18	208	0.0972222222222222
42	13	188	0.111405835543767
42	16	191	0.100961538461538
42	6	247	0.194444444444444
42	9	203	0.141414141414141
42	12	210	0.116666666666667
42	15	186	0.103703703703704
42	20	192	0.0954545454545455
42	14	182	0.107142857142857
42	8	178	0.154411764705882
42	10	205	0.13125
42	19	198	0.0961098398169336
42	5	265	0.227027027027027
46	11	97	0.119480519480519
46	21	105	0.0876190476190476
46	7	111	0.168498168498168
46	17	131	0.0933062880324544
46	22	101	0.0871212121212121
46	18	107	0.0912698412698413
46	13	108	0.107226107226107
46	23	52	0.0434782608695652
46	16	108	0.0958333333333333
46	6	121	0.191666666666667
46	9	119	0.138138138138138
46	12	114	0.112745098039216
46	15	107	0.0989247311827957
46	20	104	0.0884615384615385
46	14	107	0.102678571428571
46	8	118	0.151315789473684
46	10	122	0.127777777777778
46	19	127	0.0896686159844055
46	5	151	0.224390243902439
105	11	2	0.101547388781431
85	32	1	0.0501179245283019
85	33	3	0.0495337995337995
85	21	2	0.0632440476190476
85	42	1	0.0470653377630122
85	13	1	0.0908119658119658
85	16	1	0.0769927536231884
85	23	1	0.0596072931276297
85	28	2	0.0532581453634085
85	40	1	0.0472222222222222
85	9	2	0.124269005847953
85	41	1	0.0471175166297118
85	14	2	0.0855130784708249
85	38	1	0.0475923852183651
85	37	1	0.0478603603603604
85	24	2	0.0580601092896175
36	11	467	0.130909090909091
36	7	468	0.177339901477833
36	17	389	0.111455108359133
36	18	234	0.0555555555555556
36	16	467	0.1125
36	13	436	0.120401337792642
36	6	475	0.2
36	9	459	0.148148148148148
36	12	447	0.125
36	15	472	0.114285714285714
36	14	462	0.116883116883117
36	8	434	0.160714285714286
36	4	665	0.28125
36	10	446	0.138461538461538
36	5	550	0.232258064516129
94	25	1	0.0544927536231884
94	46	1	0.0425724637681159
94	10	1	0.111904761904762
94	29	1	0.049867374005305
51	11	51	0.115909090909091
51	21	62	0.0809523809523809
51	7	59	0.165584415584416
51	17	53	0.0882352941176471
51	22	57	0.0799373040752351
51	18	52	0.0858585858585859
51	23	42	0.0791925465838509
51	13	51	0.103238866396761
51	16	50	0.0910714285714286
51	25	58	0.0784615384615385
51	6	78	0.188888888888889
51	9	53	0.134920634920635
51	12	67	0.108974358974359
51	15	63	0.0944444444444444
51	20	59	0.082258064516129
51	14	54	0.0984555984555985
51	8	62	0.148255813953488
51	24	41	0.0787037037037037
51	19	40	0.0838815789473684
51	10	52	0.124390243902439
38	11	355	0.127946127946128
38	7	342	0.175115207373272
38	17	361	0.106442577030812
38	18	356	0.105555555555556
38	16	329	0.107954545454545
38	13	329	0.116923076923077
38	6	376	0.197916666666667
38	9	339	0.145593869731801
38	12	363	0.121794871794872
38	15	364	0.110144927536232
38	14	355	0.113095238095238
38	8	365	0.158333333333333
38	4	532	0.279411764705882
38	10	332	0.135714285714286
38	19	181	0.0526315789473684
38	5	408	0.23030303030303
34	11	518	0.134387351778656
34	7	570	0.17989417989418
34	17	309	0.0588235294117647
34	13	618	0.124542124542125
34	16	633	0.118055555555556
34	6	594	0.202380952380952
34	9	562	0.151111111111111
34	12	586	0.128787878787879
34	14	549	0.121428571428571
34	15	571	0.119298245614035
34	8	569	0.163461538461538
34	4	770	0.283333333333333
34	10	531	0.141666666666667
34	5	617	0.23448275862069
132	47	1	0.0330413016270338
