22903049
20414176
18491777
18046996
17832310
17772122
17673050
16703611
14753302
14329688
13706472
12921414
999
999
6644
999
6354
999
29189
1999
11499
6499
999
999
5364
4634
999
42070
36537
1999
999
1999
64595
999
999
32075
29903
999
999
1999
2999
999
10999
999
50051
999
999
57076
3273
1999
98870
999
99884
999
999
999
12905
6093
999
999
999
999
85750
999
7439
16559
999
999
7807
1999
1999
999
999
5645
6353
999
999
9546
999
10452
999
14497
999
4501
999
999
1999
18446
1999
999
9945
999
11247
999
999
10751
999
999
5281
999
999
10717
999
7317
999
8681
999
999
999
11345
9653
999
999
999
999
21999
999
2999
999
1999
2999
999
999
999
999
4693
999
1999
28141
20911
13831
19896
12599
18149
8017
12361
24568
17928
13122
14068
11032
14680
29503
16525
11343
13514
15966
9129
28815
14819
9299
57169
18510
10590
18750
15909
7317
15936
13266
17784
40764
14946
32345
3608
34849
24836
10897
16067
2547
26599
9588
12103
28156
22219
6564
10592
2200
12859
14298
15289
7000
12977
27294
16793
23157
9463
12431
8142
14180
12922
12650
5692
11333
9085
13533
11816
11282
10632
11860
7812
14509
11819
6326
9501
8273
2570
10732
12755
7446
17102
7611
4317
8644
13114
10114
11614
6192
13039
11324
8344
13303
16071
6158
4528
11253
12362
6350
20466
12890
6571
8221
24706
2872
11377
25092
5155
4618
8640
4476
10145
11660
7000
8068
11753
4690
3799
7950
18403
5006
16433
4467
11498
11468
9422
6090
14287
10989
4499
8948
14479
8483
18396
16357
12356
10888
7661
6833
10453
6085
17838
10997
11314
2821
21448
9044
19271
17102
8068
7328
2276
2048
3733
1619
11252
1439
1012
6966
6289
9981
2503
3537
6758
2365
4938
6304
2872
2110
4180
1637
1319
10567
12098
9082
4015
1032
13417
2826
6591
10602
10996
11263
11353
2587
52478
12448
6606
12421
8546
8112
7308
10101
7063
14756
21735
6960
8049
2902
7236
6969
8598
4600
10612
8545
11970
27815
2158
5177
37860
7260
12637
22129
9641
12045
29569
15474
25197
6501
5826
28069
6886
28104
3557
11395
18477
4791
10369
7136
19917
10859
5291
8342
11127
11217
23490
5633
8958
7334
11564
9428
8707
9985
16628
25465
13616
13260
3668
3796
14489
14876
12800
5767
7735
10752
7463
6551
1019
5451
4614
8551
999
999
