PGA_scaffold_1__81_contigs__length_22903049	878933	872564	104	DS235442	8264	4695	3
PGA_scaffold_1__81_contigs__length_22903049	990836	986600	112	DS235389	336650	334868	39
PGA_scaffold_1__81_contigs__length_22903049	1797627	1782737	172	DS235014	36968	33678	6
PGA_scaffold_1__81_contigs__length_22903049	2226747	2222283	196	DS235274	41674	39382	3
PGA_scaffold_1__81_contigs__length_22903049	2548438	2554651	212	DS235018	70822	81805	4
PGA_scaffold_1__81_contigs__length_22903049	3138645	3151411	233	DS235748	7075	17696	1
PGA_scaffold_1__81_contigs__length_22903049	4192585	4181848	281	DS235135	132331	142298	20
PGA_scaffold_1__81_contigs__length_22903049	4547619	4559537	310	DS235114	64	686	1
PGA_scaffold_1__81_contigs__length_22903049	5050290	5058573	325	DS235266	64096	65909	4
PGA_scaffold_1__81_contigs__length_22903049	5103820	5099847	329	DS235779	73760	74264	11
PGA_scaffold_1__81_contigs__length_22903049	5218535	5225635	339	DS235156	99530	97211	12
PGA_scaffold_1__81_contigs__length_22903049	5383485	5388083	356	DS235164	3311	7609	1
PGA_scaffold_1__81_contigs__length_22903049	5719780	5738530	381	DS235051	157132	165263	16
PGA_scaffold_1__81_contigs__length_22903049	6057350	6052038	410	DS235760	298862	294948	22
PGA_scaffold_1__81_contigs__length_22903049	6300315	6316719	437	DS235332	56566	59427	3
PGA_scaffold_1__81_contigs__length_22903049	7128599	7125542	483	DS235825	5104	6691	2
PGA_scaffold_1__81_contigs__length_22903049	7140324	7140858	485	DS235179	70408	69982	11
PGA_scaffold_1__81_contigs__length_22903049	7392396	7380334	507	DS235821	44470	22757	2
PGA_scaffold_1__81_contigs__length_22903049	8078519	8078194	530	DS235841	279939	280261	25
PGA_scaffold_1__81_contigs__length_22903049	8544566	8552507	563	DS235755	158751	154774	27
PGA_scaffold_1__81_contigs__length_22903049	8744580	8742601	584	DS235298	60364	61884	3
PGA_scaffold_1__81_contigs__length_22903049	8863849	8864775	590	DS235212	112639	109490	14
PGA_scaffold_1__81_contigs__length_22903049	9004921	9010356	608	DS235293	54068	50657	4
PGA_scaffold_1__81_contigs__length_22903049	9096943	9098032	614	DS235282	32764	32022	5
PGA_scaffold_1__81_contigs__length_22903049	9152618	9148055	620	DS235392	5673	2339	1
PGA_scaffold_1__81_contigs__length_22903049	9251600	9256948	634	DS235761	17389	22420	3
PGA_scaffold_1__81_contigs__length_22903049	9682925	9686360	666	DS235346	85959	87953	4
PGA_scaffold_1__81_contigs__length_22903049	10016224	10024846	705	DS235756	2679	21901	1
PGA_scaffold_1__81_contigs__length_22903049	10161288	10148612	735	DS235061	195534	196702	12
PGA_scaffold_1__81_contigs__length_22903049	10426099	10423377	749	DS235091	21383	20192	1
PGA_scaffold_1__81_contigs__length_22903049	10737531	10738460	779	DS235878	354156	353470	54
PGA_scaffold_1__81_contigs__length_22903049	11830345	11822061	878	DS235115	97945	102444	10
PGA_scaffold_1__81_contigs__length_22903049	11960628	11968188	892	DS235805	118375	107988	9
PGA_scaffold_1__81_contigs__length_22903049	12178534	12184176	922	DS235145	7885	11272	1
PGA_scaffold_1__81_contigs__length_22903049	12402848	12392029	948	DS235308	27961	21451	2
PGA_scaffold_1__81_contigs__length_22903049	12787893	12783660	969	DS235099	28127	31011	11
PGA_scaffold_1__81_contigs__length_22903049	12842544	12848617	982	DS235161	369993	364991	30
PGA_scaffold_1__81_contigs__length_22903049	13543446	13555795	1024	DS235170	192958	182878	21
PGA_scaffold_1__81_contigs__length_22903049	14455976	14452837	1116	DS235562	57166	54948	10
PGA_scaffold_1__81_contigs__length_22903049	14614719	14611683	1133	DS235430	15931	13826	4
PGA_scaffold_1__81_contigs__length_22903049	15556731	15555395	1183	DS235191	59311	57874	1
PGA_scaffold_1__81_contigs__length_22903049	16008380	16010236	1223	DS235818	42244	42740	1
PGA_scaffold_1__81_contigs__length_22903049	16594865	16603815	1264	DS235217	26144	21334	5
PGA_scaffold_1__81_contigs__length_22903049	16801805	16796610	1290	DS235157	449418	450288	21
PGA_scaffold_1__81_contigs__length_22903049	16961321	16954609	1304	DS235264	2227	4382	2
PGA_scaffold_1__81_contigs__length_22903049	17011992	17008480	1312	DS235031	156957	157480	4
PGA_scaffold_1__81_contigs__length_22903049	17647766	17639257	1325	DS235140	120726	124579	10
PGA_scaffold_1__81_contigs__length_22903049	17887851	17901044	1339	DS235847	107859	88383	11
PGA_scaffold_1__81_contigs__length_22903049	18093369	18089558	1356	DS235116	2323	1026	1
PGA_scaffold_1__81_contigs__length_22903049	18697050	18704564	1390	DS235440	237567	241168	9
PGA_scaffold_1__81_contigs__length_22903049	19542268	19541711	1402	DS235307	2184	1263	1
PGA_scaffold_1__81_contigs__length_22903049	21408112	21415386	1484	DS235006	180429	182458	32
PGA_scaffold_2__94_contigs__length_20414176	267680	269008	9	DS235068	191467	192753	8
PGA_scaffold_2__94_contigs__length_20414176	1419996	1413433	72	DS235767	549060	546453	47
PGA_scaffold_2__94_contigs__length_20414176	2204230	2214882	99	DS235133	43151	40141	6
PGA_scaffold_2__94_contigs__length_20414176	2449767	2457155	122	DS235361	49291	50363	9
PGA_scaffold_2__94_contigs__length_20414176	2628242	2647670	134	DS235065	2368	5292	1
PGA_scaffold_2__94_contigs__length_20414176	2877263	2885629	154	DS235137	43255	57671	2
PGA_scaffold_2__94_contigs__length_20414176	3144809	3148697	162	DS234993	14358	16836	1
PGA_scaffold_2__94_contigs__length_20414176	4625152	4628737	226	DS235063	8383	9563	1
PGA_scaffold_2__94_contigs__length_20414176	4779887	4776306	243	DS235243	5578	4133	2
PGA_scaffold_2__94_contigs__length_20414176	5701331	5712477	294	DS234991	16431	18781	1
PGA_scaffold_2__94_contigs__length_20414176	6511346	6525904	347	DS235032	29733	37179	4
PGA_scaffold_2__94_contigs__length_20414176	7227233	7218625	413	DS235255	442865	460377	30
PGA_scaffold_2__94_contigs__length_20414176	7970559	7973996	476	DS235289	8264	11002	1
PGA_scaffold_2__94_contigs__length_20414176	8621953	8608487	517	DS235278	28928	20695	4
PGA_scaffold_2__94_contigs__length_20414176	8897596	8910567	538	DS235022	19319	24001	3
PGA_scaffold_2__94_contigs__length_20414176	8963074	8960812	546	DS234994	461675	459672	27
PGA_scaffold_2__94_contigs__length_20414176	9216347	9215451	572	DS235763	19089	18193	5
PGA_scaffold_2__94_contigs__length_20414176	9332426	9330210	591	DS235387	46516	50303	14
PGA_scaffold_2__94_contigs__length_20414176	9534279	9532499	611	DS235792	85458	86578	4
PGA_scaffold_2__94_contigs__length_20414176	9700311	9703183	621	DS235850	39672	40562	1
PGA_scaffold_2__94_contigs__length_20414176	10227380	10229371	663	DS235132	19559	16839	1
PGA_scaffold_2__94_contigs__length_20414176	11023806	11022578	718	DS235814	48915	49719	9
PGA_scaffold_2__94_contigs__length_20414176	11197576	11198128	739	DS235860	550915	549891	33
PGA_scaffold_2__94_contigs__length_20414176	11865329	11862370	785	DS235773	4442	2421	1
PGA_scaffold_2__94_contigs__length_20414176	12083921	12095394	820	DS234986	20136	32801	1
PGA_scaffold_2__94_contigs__length_20414176	12877473	12864728	880	DS235206	327036	322423	13
PGA_scaffold_2__94_contigs__length_20414176	12999145	13008556	894	DS235327	36825	49754	2
PGA_scaffold_2__94_contigs__length_20414176	13350178	13354142	935	DS235172	307965	305446	42
PGA_scaffold_2__94_contigs__length_20414176	13988845	14006097	980	DS235000	181621	188498	17
PGA_scaffold_2__94_contigs__length_20414176	14429529	14431921	998	DS235023	501787	498764	45
PGA_scaffold_2__94_contigs__length_20414176	15538955	15550315	1062	DS235001	28297	31969	6
PGA_scaffold_2__94_contigs__length_20414176	15611254	15605878	1072	DS235229	28775	31408	8
PGA_scaffold_2__94_contigs__length_20414176	15741096	15733100	1082	DS235083	186963	197196	37
PGA_scaffold_2__94_contigs__length_20414176	16463456	16465505	1143	DS235855	15820	16989	1
PGA_scaffold_2__94_contigs__length_20414176	16783764	16787747	1178	DS235096	61085	57819	11
PGA_scaffold_2__94_contigs__length_20414176	17068640	17054574	1197	DS235055	41035	42054	5
PGA_scaffold_2__94_contigs__length_20414176	18447925	18443131	1278	DS235030	220813	218733	34
PGA_scaffold_2__94_contigs__length_20414176	18506608	18498895	1292	DS235800	8689	16703	3
PGA_scaffold_2__94_contigs__length_20414176	18973803	18969499	1309	DS235765	9890	7470	1
PGA_scaffold_2__94_contigs__length_20414176	19483350	19481091	1342	DS235875	16179	14536	3
PGA_scaffold_2__94_contigs__length_20414176	19566696	19557593	1348	DS235078	3181	510	1
PGA_scaffold_3__49_contigs__length_18491777	352500	338604	31	DS235113	2290	1	1
PGA_scaffold_3__49_contigs__length_18491777	508274	524347	45	DS235328	66833	58349	6
PGA_scaffold_3__49_contigs__length_18491777	832390	833343	61	DS235270	9457	8549	2
PGA_scaffold_3__49_contigs__length_18491777	1172451	1165497	87	DS235281	176853	175637	33
PGA_scaffold_3__49_contigs__length_18491777	1638775	1630991	130	DS235166	18724	22472	4
PGA_scaffold_3__49_contigs__length_18491777	1855369	1849592	141	DS235149	74732	73034	4
PGA_scaffold_3__49_contigs__length_18491777	2300913	2308007	165	DS235269	182224	178981	24
PGA_scaffold_3__49_contigs__length_18491777	2897401	2906033	194	DS235148	35834	39029	2
PGA_scaffold_3__49_contigs__length_18491777	3086500	3081661	208	DS235205	40823	43624	10
PGA_scaffold_3__49_contigs__length_18491777	3262729	3263841	226	DS235303	35019	31941	4
PGA_scaffold_3__49_contigs__length_18491777	3329725	3327166	229	DS235015	50913	52472	16
PGA_scaffold_3__49_contigs__length_18491777	4524919	4522289	272	DS235815	195789	197549	23
PGA_scaffold_3__49_contigs__length_18491777	5160959	5157006	316	DS235142	65589	69335	11
PGA_scaffold_3__49_contigs__length_18491777	5245138	5242560	331	DS235785	265130	266129	17
PGA_scaffold_3__49_contigs__length_18491777	5952954	5964919	387	DS234992	49985	49201	5
PGA_scaffold_3__49_contigs__length_18491777	6100267	6103286	392	DS235151	488760	487564	26
PGA_scaffold_3__49_contigs__length_18491777	6896083	6888069	427	DS235848	40813	35443	1
PGA_scaffold_3__49_contigs__length_18491777	7606262	7612846	493	DS235012	75401	77586	10
PGA_scaffold_3__49_contigs__length_18491777	8082903	8075787	560	DS235863	163551	160072	23
PGA_scaffold_3__49_contigs__length_18491777	8298674	8301149	586	DS235098	23244	25642	3
PGA_scaffold_3__49_contigs__length_18491777	8892251	8889944	663	DS235070	234148	232146	33
PGA_scaffold_3__49_contigs__length_18491777	8912833	8915111	667	DS235241	1021	4483	1
PGA_scaffold_3__49_contigs__length_18491777	9373203	9370412	710	DS235305	39360	32148	2
PGA_scaffold_3__49_contigs__length_18491777	9498026	9494868	724	DS235021	82893	79141	5
PGA_scaffold_3__49_contigs__length_18491777	9863678	9854305	770	DS235248	526773	529655	40
PGA_scaffold_3__49_contigs__length_18491777	11002345	11004830	821	DS235745	13574	14907	1
PGA_scaffold_3__49_contigs__length_18491777	11519523	11508664	862	DS234995	184668	180496	5
PGA_scaffold_3__49_contigs__length_18491777	12627524	12626452	912	DS235764	23168	24129	3
PGA_scaffold_3__49_contigs__length_18491777	15299874	15305660	1024	DS235075	153722	155801	11
PGA_scaffold_3__49_contigs__length_18491777	15328522	15324990	1026	DS235020	27910	30233	4
PGA_scaffold_3__49_contigs__length_18491777	15938688	15943281	1053	DS235478	240171	243760	14
PGA_scaffold_3__49_contigs__length_18491777	16544178	16549560	1100	DS235750	241820	242262	25
PGA_scaffold_3__49_contigs__length_18491777	16673157	16663509	1108	DS235746	13932	10452	1
PGA_scaffold_3__49_contigs__length_18491777	17223022	17215098	1136	DS235207	14799	20820	5
PGA_scaffold_3__49_contigs__length_18491777	17929784	17921461	1214	DS235222	534698	530590	71
PGA_scaffold_3__49_contigs__length_18491777	18418211	18409377	1260	DS235306	139104	135093	20
PGA_scaffold_4__56_contigs__length_18046996	1734775	1746278	568	DS235019	263241	259821	38
PGA_scaffold_4__56_contigs__length_18046996	2393725	2408355	625	DS235435	36336	35635	10
PGA_scaffold_4__56_contigs__length_18046996	2494491	2494963	634	DS235008	1751	4673	1
PGA_scaffold_4__56_contigs__length_18046996	2755411	2755145	666	DS235076	16169	17054	4
PGA_scaffold_4__56_contigs__length_18046996	3093127	3096112	679	DS235772	103068	103574	1
PGA_scaffold_4__56_contigs__length_18046996	4784699	4778848	742	DS235092	164722	168284	16
PGA_scaffold_4__56_contigs__length_18046996	5200651	5209624	762	DS235340	98674	96857	17
PGA_scaffold_4__56_contigs__length_18046996	5284442	5288453	773	DS235870	185623	187482	13
PGA_scaffold_4__56_contigs__length_18046996	6429772	6428205	844	DS235152	425741	427895	36
PGA_scaffold_4__56_contigs__length_18046996	7508360	7504523	902	DS235465	15572	14659	2
PGA_scaffold_4__56_contigs__length_18046996	8446229	8448203	976	DS235111	372066	373708	27
PGA_scaffold_4__56_contigs__length_18046996	8775047	8773836	1019	DS235827	36941	35886	2
PGA_scaffold_4__56_contigs__length_18046996	9154325	9158726	1051	DS235225	9637	11620	1
PGA_scaffold_4__56_contigs__length_18046996	9530559	9535228	1074	DS235035	246459	249883	19
PGA_scaffold_4__56_contigs__length_18046996	9870711	9871082	1107	DS234988	274811	275182	66
PGA_scaffold_4__56_contigs__length_18046996	10411261	10407481	1171	DS235004	526103	524288	43
PGA_scaffold_4__56_contigs__length_18046996	10625065	10624102	1196	DS235774	7899	2880	2
PGA_scaffold_4__56_contigs__length_18046996	11372001	11384904	1271	DS235858	219251	246978	19
PGA_scaffold_4__56_contigs__length_18046996	11749870	11754326	1300	DS235752	10483	13701	3
PGA_scaffold_4__56_contigs__length_18046996	12017713	12014867	1316	DS235830	100714	99256	2
PGA_scaffold_4__56_contigs__length_18046996	13866992	13878775	1497	DS235797	162097	166157	35
PGA_scaffold_4__56_contigs__length_18046996	15084063	15079419	1555	DS235806	181219	179814	14
PGA_scaffold_4__56_contigs__length_18046996	15346288	15352738	1559	DS235231	15643	17330	1
PGA_scaffold_4__56_contigs__length_18046996	15491154	15475875	1573	DS235766	60856	49766	4
PGA_scaffold_4__56_contigs__length_18046996	16924519	16931595	1648	DS235840	11257	15910	1
PGA_scaffold_4__56_contigs__length_18046996	16978730	16981502	1652	DS235200	79139	80859	3
PGA_scaffold_4__56_contigs__length_18046996	17517036	17514731	1709	DS235165	53140	50585	4
PGA_scaffold_5__62_contigs__length_17832310	124014	118761	13	DS235226	71251	68536	10
PGA_scaffold_5__62_contigs__length_17832310	1116353	1113109	109	DS235336	54108	55610	15
PGA_scaffold_5__62_contigs__length_17832310	1201533	1204328	125	DS235408	77016	75618	14
PGA_scaffold_5__62_contigs__length_17832310	1591922	1586533	151	DS235742	15116	11408	1
PGA_scaffold_5__62_contigs__length_17832310	2077769	2075920	172	DS235042	697429	698363	38
PGA_scaffold_5__62_contigs__length_17832310	3652979	3648946	232	DS235045	219708	217914	13
PGA_scaffold_5__62_contigs__length_17832310	4002216	4012557	246	DS235123	27684	31584	2
PGA_scaffold_5__62_contigs__length_17832310	4188885	4186990	275	DS235778	59804	58823	7
PGA_scaffold_5__62_contigs__length_17832310	4941440	4944150	309	DS235107	14130	17561	1
PGA_scaffold_5__62_contigs__length_17832310	5948688	5970214	356	DS235073	175471	179899	7
PGA_scaffold_5__62_contigs__length_17832310	7238712	7257613	424	DS235781	76393	81511	3
PGA_scaffold_5__62_contigs__length_17832310	8058022	8080090	464	DS235100	200653	213080	3
PGA_scaffold_5__62_contigs__length_17832310	9582208	9587132	607	DS235459	272079	273456	30
PGA_scaffold_5__62_contigs__length_17832310	9643643	9638142	621	DS235811	74464	57357	11
PGA_scaffold_5__62_contigs__length_17832310	10159523	10157455	679	DS235371	254863	253160	26
PGA_scaffold_5__62_contigs__length_17832310	10809733	10810378	715	DS235775	10635	11262	4
PGA_scaffold_5__62_contigs__length_17832310	11222115	11225061	726	DS235771	78134	80516	2
PGA_scaffold_5__62_contigs__length_17832310	11476966	11470357	743	DS235263	8731	7435	1
PGA_scaffold_5__62_contigs__length_17832310	11889873	11877421	788	DS235843	795002	790718	46
PGA_scaffold_5__62_contigs__length_17832310	11934850	11942911	794	DS235874	1192	2664	1
PGA_scaffold_5__62_contigs__length_17832310	15298557	15297483	939	DS235060	342742	341812	19
PGA_scaffold_5__62_contigs__length_17832310	15369690	15377597	945	DS235026	5864	12698	1
PGA_scaffold_5__62_contigs__length_17832310	16289917	16292571	992	DS235812	224726	225991	35
PGA_scaffold_5__62_contigs__length_17832310	16767282	16766303	1034	DS235093	4450	3712	1
PGA_scaffold_6__60_contigs__length_17772122	412442	413481	42	DS235813	56195	55436	9
PGA_scaffold_6__60_contigs__length_17772122	1042024	1031225	102	DS235239	178712	174553	39
PGA_scaffold_6__60_contigs__length_17772122	1796472	1815663	163	DS235793	105103	110646	16
PGA_scaffold_6__60_contigs__length_17772122	2532049	2539175	227	DS235886	227504	229658	28
PGA_scaffold_6__60_contigs__length_17772122	4681657	4673598	379	DS235634	205693	207518	13
PGA_scaffold_6__60_contigs__length_17772122	5528616	5519537	430	DS235842	316606	309929	18
PGA_scaffold_6__60_contigs__length_17772122	5945808	5937382	460	DS235833	863601	872219	58
PGA_scaffold_6__60_contigs__length_17772122	7019534	7021473	530	DS235053	10819	12684	2
PGA_scaffold_6__60_contigs__length_17772122	7863956	7874070	626	DS235272	6510	11580	2
PGA_scaffold_6__60_contigs__length_17772122	8052137	8055485	645	DS234989	2185	4539	1
PGA_scaffold_6__60_contigs__length_17772122	8127174	8116653	659	DS235872	39326	33470	4
PGA_scaffold_6__60_contigs__length_17772122	8419625	8431497	696	DS235129	273757	267756	30
PGA_scaffold_6__60_contigs__length_17772122	8944013	8937197	747	DS235861	158918	156714	7
PGA_scaffold_6__60_contigs__length_17772122	9277132	9274502	764	DS235865	44645	46440	6
PGA_scaffold_6__60_contigs__length_17772122	10043915	10054118	828	DS235033	39568	45272	2
PGA_scaffold_6__60_contigs__length_17772122	11232036	11247768	875	DS235849	701826	710876	40
PGA_scaffold_6__60_contigs__length_17772122	11386785	11385640	894	DS235169	3696	2635	2
PGA_scaffold_6__60_contigs__length_17772122	12399872	12407463	960	DS235005	1110984	1108422	78
PGA_scaffold_6__60_contigs__length_17772122	14320505	14351483	1071	DS235016	18030	20434	3
PGA_scaffold_6__60_contigs__length_17772122	14491317	14490358	1087	DS235134	6887	7846	3
PGA_scaffold_6__60_contigs__length_17772122	14516159	14509912	1092	DS235279	35369	37376	3
PGA_scaffold_6__60_contigs__length_17772122	14614844	14616794	1096	DS235244	8452	9355	1
PGA_scaffold_6__60_contigs__length_17772122	14902601	14913977	1118	DS235809	147448	146310	12
PGA_scaffold_6__60_contigs__length_17772122	15118464	15112346	1130	DS235216	1638	48	1
PGA_scaffold_6__60_contigs__length_17772122	15230042	15237802	1140	DS235196	15067	16034	1
PGA_scaffold_6__60_contigs__length_17772122	15404589	15407043	1150	DS235312	29146	28391	6
PGA_scaffold_6__60_contigs__length_17772122	15480396	15453164	1157	DS235867	344195	348179	31
PGA_scaffold_6__60_contigs__length_17772122	16251533	16255328	1190	DS235039	1101	1864	1
PGA_scaffold_6__60_contigs__length_17772122	16331782	16336818	1196	DS235290	1210	4085	1
PGA_scaffold_6__60_contigs__length_17772122	17136342	17126335	1233	DS235059	177652	173161	9
PGA_scaffold_7__49_contigs__length_17673050	113257	120402	11	DS235354	723201	726528	111
PGA_scaffold_7__49_contigs__length_17673050	2147831	2146536	149	DS235852	483093	484487	34
PGA_scaffold_7__49_contigs__length_17673050	3213125	3211587	207	DS235110	4269	3414	2
PGA_scaffold_7__49_contigs__length_17673050	4001006	4007092	236	DS235883	602829	601024	49
PGA_scaffold_7__49_contigs__length_17673050	5598189	5597495	321	DS235494	4841	4152	1
PGA_scaffold_7__49_contigs__length_17673050	6318332	6320629	352	DS235331	438933	436552	34
PGA_scaffold_7__49_contigs__length_17673050	7515013	7521180	399	DS235158	102417	99588	10
PGA_scaffold_7__49_contigs__length_17673050	7834597	7837849	422	DS235784	59507	57527	15
PGA_scaffold_7__49_contigs__length_17673050	7938428	7934807	439	DS235747	5777	4726	1
PGA_scaffold_7__49_contigs__length_17673050	7967254	7964911	442	DS235844	9671	9033	2
PGA_scaffold_7__49_contigs__length_17673050	8209195	8212071	464	DS235877	284754	283071	20
PGA_scaffold_7__49_contigs__length_17673050	8782147	8778598	501	DS235221	164929	166845	40
PGA_scaffold_7__49_contigs__length_17673050	9108720	9104525	543	DS235321	14557	13114	1
PGA_scaffold_7__49_contigs__length_17673050	9398499	9402961	572	DS235237	131639	127929	13
PGA_scaffold_7__49_contigs__length_17673050	9951033	9947912	636	DS235796	14011	15468	4
PGA_scaffold_7__49_contigs__length_17673050	9988457	9993153	641	DS235317	19385	22550	1
PGA_scaffold_7__49_contigs__length_17673050	10078801	10083092	665	DS235577	5039	5673	1
PGA_scaffold_7__49_contigs__length_17673050	10113943	10120706	669	DS235024	1030	3602	1
PGA_scaffold_7__49_contigs__length_17673050	10374925	10369598	683	DS235143	101893	104476	16
PGA_scaffold_7__49_contigs__length_17673050	10579123	10586197	710	DS235105	30392	28440	9
PGA_scaffold_7__49_contigs__length_17673050	16038652	16041903	1088	DS235286	38377	40491	2
PGA_scaffold_7__49_contigs__length_17673050	16548822	16557111	1144	DS235201	4882	5588	1
PGA_scaffold_7__49_contigs__length_17673050	17207397	17211230	1204	DS235451	12606	14409	2
PGA_scaffold_8__64_contigs__length_16703611	542148	550252	61	DS235804	336	1871	1
PGA_scaffold_8__64_contigs__length_16703611	669796	666197	82	DS235716	7067	3132	1
PGA_scaffold_8__64_contigs__length_16703611	706936	730629	89	DS235215	31779	24505	6
PGA_scaffold_8__64_contigs__length_16703611	791019	787928	96	DS235182	38434	39591	14
PGA_scaffold_8__64_contigs__length_16703611	1170491	1160192	136	DS235199	86460	82854	18
PGA_scaffold_8__64_contigs__length_16703611	1381933	1378917	166	DS235131	36326	33494	8
PGA_scaffold_8__64_contigs__length_16703611	2852991	2856610	296	DS235322	12017	13789	2
PGA_scaffold_8__64_contigs__length_16703611	2990237	2994322	305	DS235339	388487	390135	36
PGA_scaffold_8__64_contigs__length_16703611	3055947	3047653	311	DS235366	867042	873699	58
PGA_scaffold_8__64_contigs__length_16703611	4784264	4780822	392	DS235786	93925	92020	9
PGA_scaffold_8__64_contigs__length_16703611	5188634	5190289	460	DS235864	64816	64311	9
PGA_scaffold_8__64_contigs__length_16703611	5380810	5381904	476	DS235787	509514	508384	52
PGA_scaffold_8__64_contigs__length_16703611	7736031	7730180	647	DS235845	1047215	1042090	74
PGA_scaffold_8__64_contigs__length_16703611	9820972	9819558	834	DS235857	814142	814735	49
PGA_scaffold_8__64_contigs__length_16703611	11382874	11405757	904	DS235357	247154	236665	26
PGA_scaffold_8__64_contigs__length_16703611	11899187	11890824	941	DS235315	17164	11214	1
PGA_scaffold_8__64_contigs__length_16703611	14451239	14446355	1079	DS235751	195578	191911	28
PGA_scaffold_8__64_contigs__length_16703611	14734808	14739363	1119	DS235802	127940	129247	25
PGA_scaffold_8__64_contigs__length_16703611	15473397	15465840	1153	DS235219	217007	214565	29
PGA_scaffold_9__104_contigs__length_14753302	62315	60536	6	DS235418	16137	17566	3
PGA_scaffold_9__104_contigs__length_14753302	569271	548910	52	DS235355	18378	7781	1
PGA_scaffold_9__104_contigs__length_14753302	661030	655575	58	DS235088	2219	1143	1
PGA_scaffold_9__104_contigs__length_14753302	3943359	3942573	321	DS235780	226915	227354	30
PGA_scaffold_9__104_contigs__length_14753302	4304629	4311756	347	DS235677	94268	99225	6
PGA_scaffold_9__104_contigs__length_14753302	5862481	5860645	489	DS235816	172286	170926	38
PGA_scaffold_9__104_contigs__length_14753302	5971757	5986628	500	DS235150	12041	23178	1
PGA_scaffold_9__104_contigs__length_14753302	6995330	7003494	555	DS235777	260696	256292	28
PGA_scaffold_9__104_contigs__length_14753302	7471884	7475189	586	DS235002	4289	12449	1
PGA_scaffold_9__104_contigs__length_14753302	7508437	7526007	594	DS235370	58309	54637	8
PGA_scaffold_9__104_contigs__length_14753302	7632808	7633653	601	DS235871	9055	10779	1
PGA_scaffold_9__104_contigs__length_14753302	8960505	8956099	645	DS235829	131116	126553	13
PGA_scaffold_9__104_contigs__length_14753302	13249308	13239373	837	DS235335	411862	410663	36
PGA_scaffold_9__104_contigs__length_14753302	13739008	13729479	872	DS235250	18588	14500	2
PGA_scaffold_10__92_contigs__length_14329688	63120	70895	11	DS235171	417838	423464	67
PGA_scaffold_10__92_contigs__length_14329688	822100	809886	89	DS235783	75765	71304	3
PGA_scaffold_10__92_contigs__length_14329688	948275	950622	105	DS235824	13677	22865	4
PGA_scaffold_10__92_contigs__length_14329688	2421497	2416494	227	DS235882	3684	2251	1
PGA_scaffold_10__92_contigs__length_14329688	2570050	2567645	242	DS235028	207054	205341	18
PGA_scaffold_10__92_contigs__length_14329688	2644989	2648972	251	DS235049	41808	40206	4
PGA_scaffold_10__92_contigs__length_14329688	3326847	3329301	271	DS235819	240567	239325	28
PGA_scaffold_10__92_contigs__length_14329688	3600604	3607145	306	DS235363	1606	4357	1
PGA_scaffold_10__92_contigs__length_14329688	4347078	4349722	354	DS235769	15927	17073	2
PGA_scaffold_10__92_contigs__length_14329688	4675758	4658757	375	DS235822	258948	262700	33
PGA_scaffold_10__92_contigs__length_14329688	5308472	5312602	418	DS235846	99156	102619	5
PGA_scaffold_10__92_contigs__length_14329688	5741975	5758642	450	DS235235	205196	202557	28
PGA_scaffold_10__92_contigs__length_14329688	6095568	6113004	472	DS235283	438008	418579	33
PGA_scaffold_10__92_contigs__length_14329688	6929172	6931428	520	DS235154	20	1220	1
PGA_scaffold_10__92_contigs__length_14329688	7259490	7263683	552	DS235768	5256	7138	1
PGA_scaffold_10__92_contigs__length_14329688	7354582	7356387	562	DS235138	41492	43884	1
PGA_scaffold_10__92_contigs__length_14329688	7731961	7726009	610	DS235047	14499	16171	2
PGA_scaffold_10__92_contigs__length_14329688	8353761	8356186	628	DS235880	197802	195423	12
PGA_scaffold_10__92_contigs__length_14329688	8444940	8454737	637	DS235762	4969	8171	1
PGA_scaffold_10__92_contigs__length_14329688	8644197	8653252	653	DS235277	3453	7553	1
PGA_scaffold_10__92_contigs__length_14329688	9129859	9118187	685	DS235084	55320	56288	3
PGA_scaffold_10__92_contigs__length_14329688	9221642	9227271	690	DS235112	29020	31726	3
PGA_scaffold_10__92_contigs__length_14329688	10249195	10252829	751	DS235757	6919	10203	1
PGA_scaffold_10__92_contigs__length_14329688	10622285	10567825	762	DS235341	29404	17681	1
PGA_scaffold_10__92_contigs__length_14329688	10659087	10656867	765	DS235402	23272	24665	5
PGA_scaffold_10__92_contigs__length_14329688	10817514	10819318	777	DS235048	158427	153987	21
PGA_scaffold_10__92_contigs__length_14329688	11247442	11251957	805	DS235876	3021	4324	1
PGA_scaffold_10__92_contigs__length_14329688	11277997	11266592	809	DS235869	26448	19441	6
PGA_scaffold_10__92_contigs__length_14329688	11590141	11603249	827	DS235324	45820	48066	5
PGA_scaffold_10__92_contigs__length_14329688	13317064	13314917	924	DS235885	175353	174348	12
PGA_scaffold_10__92_contigs__length_14329688	13567929	13568240	942	DS235803	10419	10730	1
PGA_scaffold_10__92_contigs__length_14329688	14004861	14003992	999	DS235881	7783	6914	1
PGA_scaffold_10__92_contigs__length_14329688	14077984	14075988	1011	DS235072	26421	22393	5
PGA_scaffold_11__92_contigs__length_13706472	345530	362045	25	DS235379	1832	5383	1
PGA_scaffold_11__92_contigs__length_13706472	2747625	2745584	190	DS235271	437167	435098	39
PGA_scaffold_11__92_contigs__length_13706472	3876590	3865454	255	DS235879	101221	95597	18
PGA_scaffold_11__92_contigs__length_13706472	6587221	6570890	425	DS235866	315652	301405	25
PGA_scaffold_11__92_contigs__length_13706472	7754919	7745190	477	DS235758	324568	322372	35
PGA_scaffold_11__92_contigs__length_13706472	9417439	9421427	571	DS235853	13286	14829	1
PGA_scaffold_11__92_contigs__length_13706472	10408012	10370326	617	DS235184	746374	703639	50
PGA_scaffold_11__92_contigs__length_13706472	11140033	11138168	655	DS235639	11086	9698	1
PGA_scaffold_11__92_contigs__length_13706472	11396066	11390963	677	DS235297	5503	3691	1
PGA_scaffold_11__92_contigs__length_13706472	11610826	11622068	691	DS235294	59835	64853	2
PGA_scaffold_11__92_contigs__length_13706472	11694896	11691113	697	DS235823	8335	6448	2
PGA_scaffold_11__92_contigs__length_13706472	12212532	12206055	738	DS235291	29986	30753	5
PGA_scaffold_11__92_contigs__length_13706472	12382563	12389476	747	DS235124	253305	251193	49
PGA_scaffold_11__92_contigs__length_13706472	13030824	13039964	810	DS235044	364	5244	1
PGA_scaffold_11__92_contigs__length_13706472	13633583	13631375	869	DS235313	44484	43128	11
PGA_scaffold_12__111_contigs__length_12921414	33646	40831	4	DS235851	597765	600832	46
PGA_scaffold_12__111_contigs__length_12921414	247169	271739	22	DS235832	1827	22440	1
PGA_scaffold_12__111_contigs__length_12921414	699886	696653	47	DS235854	40151	39024	1
PGA_scaffold_12__111_contigs__length_12921414	5438542	5449076	327	DS235862	93386	106444	21
PGA_scaffold_12__111_contigs__length_12921414	5958441	5957533	360	DS235820	452124	456288	21
PGA_scaffold_12__111_contigs__length_12921414	7069071	7076702	429	DS234996	199357	200629	29
PGA_scaffold_12__111_contigs__length_12921414	8244526	8249313	488	DS235817	402494	405480	26
PGA_scaffold_12__111_contigs__length_12921414	9001061	9002625	530	DS235090	523269	520618	53
PGA_scaffold_12__111_contigs__length_12921414	10250746	10257302	612	DS235759	198263	199798	20
PGA_scaffold_12__111_contigs__length_12921414	10998779	11016545	654	DS235477	13527	29405	4
PGA_scaffold_12__111_contigs__length_12921414	11300046	11306763	682	DS235101	137570	72896	11
PGA_scaffold_12__111_contigs__length_12921414	12092506	12102770	739	DS235873	356986	363496	42
PGA_scaffold_235__1_contigs__length_25092	1799	8522	1	DS235405	35660	32587	3
