212486
1401085
866866
117479
219455
1547090
697297
81130
38045
874304
592268
161385
962395
55316
395192
207605
1164018
604905
963111
1882808
490795
468224
1846528
1760394
205413
1769211
24976
1293928
259343
771004
66240
286109
1222265
17275
756124
1023892
533399
92982
222696
277831
133532
475145
1102094
1482188
1395880
1450643
20569
1021013
721894
1164202
16611
93933
1352109
547576
19520
1330192
87602
37475
1295774
15908
289338
217135
1226828
79173
127363
137871
479428
1133408
1200103
22718
19956
103315
660804
89362
328417
608542
645864
84178
52853
796453
73642
123932
689860
968793
611832
40109
27511
417208
315664
1121840
851160
83187
139771
719509
41672
289387
39228
212102
515140
18503
493313
866143
825873
359101
735333
24416
19374
27642
782111
847556
813503
944231
43435
536558
222293
793831
275089
97914
608992
795920
642922
26013
28561
180400
900003
225251
381050
798671
19889
626082
470685
18916
711759
339335
24788
718854
831211
164429
684483
856379
256148
144118
743614
350517
849204
23063
255096
471794
82455
686513
686362
32482
560245
617845
619506
105823
13770
205517
244386
401447
401107
243403
345612
247763
569590
451715
14557
62039
615267
567782
507126
80916
574542
104037
129467
614446
549947
335852
152028
474227
387073
557566
249515
571794
231496
20748
370977
30151
543210
617084
240132
609948
95004
542043
491491
671255
488486
226643
135650
16811
23030
460761
502679
499559
20856
512691
123324
447816
22204
14216
306191
30107
452362
528878
472418
27462
246261
459276
110373
406691
395201
349329
60755
12256
381799
20859
433096
393280
365702
297307
350288
152725
405933
354070
131199
346035
416342
58315
284364
339033
341233
23068
343650
321395
353983
152255
326537
310715
329315
314575
305872
283808
129794
421697
299784
404346
266209
342423
140083
394503
150691
332030
46119
295521
303934
295603
325889
310927
85297
119323
253833
223749
175402
22317
300058
250813
249793
229669
291685
244858
227969
297523
306306
59493
239045
245395
255730
11631
232813
180119
202723
88107
252990
168152
42802
254357
133450
312242
271968
213421
263900
145398
300376
295611
266993
77370
209447
191668
217054
249968
83113
98323
244682
17666
30577
196332
13962
30581
208872
54050
236355
13430
176488
227977
137230
217317
58142
138368
192922
89971
168399
9344
100218
205216
231948
226016
16151
198080
223961
214245
204838
158866
196352
209717
140300
180618
139336
179442
192599
8974
136977
165937
182860
170171
136636
73116
151930
72165
171220
161871
161187
36077
168839
140511
206468
180110
166721
27587
24384
92387
136124
17194
207933
142008
106850
160669
98357
170093
20147
49968
19171
15063
15439
152737
16704
149007
170759
79338
132351
152147
20595
110373
127869
178246
144684
32752
79621
118238
135496
45364
164085
161330
82970
116766
126997
146110
22550
145565
144421
132293
106998
122463
114823
44001
139513
58857
95060
137834
68511
116771
111168
113824
116677
110999
119854
139241
17667
127859
109230
102429
89958
135889
132517
132142
138690
74618
84569
98073
130013
129909
118396
78294
127308
119070
121674
133643
24171
90505
110963
135706
86505
99910
128400
122942
105097
99188
85813
102296
92248
114472
104964
75636
112844
135530
85297
68813
83054
63897
123183
92021
126376
87692
104707
117119
90256
90139
83139
73717
109245
98999
34974
65780
72751
78302
59337
92286
74718
16663
107968
78605
42651
76898
54493
80252
107798
66271
50205
68648
67866
54501
76566
66335
69597
86946
72402
36917
75379
81595
76310
72123
71011
48010
61081
15411
48097
77038
89016
68526
71302
80547
69071
51696
76962
56906
18761
64325
13469
45567
69925
73476
62341
46344
63023
57776
50614
45237
54029
28654
66002
48728
53890
30907
45606
35012
63120
61458
44306
48744
59744
56120
39203
39420
95957
56829
51085
72088
36512
87866
56147
69403
27664
62841
56085
44734
21997
31838
61042
40292
55244
49181
44842
33476
66103
57842
37637
58963
57122
35296
31382
60300
38941
33132
31090
30548
36371
69505
25935
65402
37087
54332
49796
40846
78395
25283
41808
40964
23139
44745
35142
34186
10730
33460
34737
27059
60637
37989
47347
28025
62197
39955
31035
17480
21272
48307
8143
30499
33570
36501
27800
37409
32261
70026
33568
33419
33740
25795
35495
34760
26257
47172
17414
33524
36821
18202
39076
25054
34386
44261
45617
26115
33893
35902
21883
56986
18954
32300
40023
38900
41724
56093
20898
37537
35735
19064
20705
24420
29399
25089
37706
29018
26227
22648
32315
31705
41461
24934
29697
17447
22459
35311
47301
42721
22278
32413
60931
38080
20386
11763
28022
23013
24050
27490
43915
28450
37341
27088
12022
20099
31858
15854
14962
37036
16897
19232
28680
21924
26822
31404
33254
27316
28551
36023
22238
16255
22126
10921
9886
24327
35909
13650
19898
30524
21097
13651
31591
30967
19911
24313
11702
23183
9890
36737
20898
11166
19497
18407
24834
20408
19729
25571
16547
19144
24711
26581
26720
34089
11526
6769
19808
26175
19407
18866
15524
9314
30543
14217
6556
19168
21427
16693
13549
17217
8628
14042
16180
18980
16130
26984
4039
8042
17695
13029
25721
11101
17080
15942
11434
18023
14237
13527
16188
21736
4771
11340
7807
9186
14630
16263
8916
10660
12055
7621
4889
17584
7771
12270
11689
11156
20298
14155
14432
14482
18650
9736
9056
11513
12601
7037
8653
17337
15267
10668
19010
9854
7700
8321
9142
16343
21018
10225
8450
17185
19295
29910
10661
3614
8567
1341355
580737
4806
16844
1682807
6119
445559
188106
18534
679777
4420
11443
248015
471134
27898
155484
535072
10153
874259
530802
3155
832462
36218
25357
1145239
381690
18025
1463330
544455
15491
1310482
767799
13509
861870
12704
95025
1649
21056
1043540
28079
95996
11669
139680
11062
11598
3744
322639
8026
16981
646334
7123
1489469
6204
15703
3597
27822
282132
5627
25799
118393
15970
14616
16926
342354
375308
320612
16315
196936
151123
17567
9768
11499
4508
26682
534755
21854
38366
22714
11359
476339
13535
454305
8879
13084
684331
5527
167285
17655
19255
382416
407746
2516
370401
8993
236540
11550
291416
12679
295475
22277
13735
181580
8059
6782
19955
7001
273742
200138
24976
44567
7956
18476
14355
46539
24701
1544
11088
23232
24214
11577
10304
11708
8752
8030
55844
22196
4232
31171
14948
45303
27908
22646
8292
21424
64290
1630821
2187
27268
16877
2239247
308171
11275
14981
18080
20372
4256
29790
17023
210028
15909
976188
23232
8733
930546
486822
5636
532209
6305
673681
15793
218661
6899
17875
763650
593719
10864
180184
14402
16640
574260
13527
126703
14788
116025
425352
7703
478303
7516
11148
201999
521340
17915
9766
8171
227336
12850
13154
440140
19980
18190
224897
10373
25311
394687
287027
8351
13427
12702
290051
24254
12494
241322
36016
7188
18595
9855
208180
4539
126853
7696
170191
15160
205600
6346
185794
18486
126405
8622
17789
12291
76897
87222
12772
8459
105414
15506
115892
177754
13173
151914
11837
20580
103577
12513
116675
8944
111008
72760
18024
94792
18339
108577
15335
106489
17686
13783
13169
14257
54888
9973
26048
12866
55693
41831
2207
39468
10876
16019
35561
32536
9752
38605
8369
32403
12345
5590
27499
17330
4003
17265
9106
27218
14915
5685
17381
18081
45831
38396
16370
11962
4366
4313
25669
7921
15911
36429
11471
5184
10150
9569
10027
12922
9518
11484
11449
10114
7515
4439
4290
15520
11773
12982
10016
10628
10711
37946
12022
59201
4774
16305
299458
3628
5406
